Commodity code,Commodity,Trading partner code,Trading partner,US dollar
1,,146,Kyrgyzstan,180000.0
1,,331,Switzerland,3864.0
1,,352,Czechia（Czech Republic）,50255.0
1,,353,Slovakia,2558.0
1,,402,Argentina,575000.0
1,,423,Guatemala,54000.0
1,,434,Peru,73180.0
1,,609,New Zealand,1604674.0
1,,613,Solomon Islands,30090.0
2,,302,Denmark,27697988.0
2,,328,Romania,1218927.0
2,,402,Argentina,30828967.0
2,,412,Chile,13155424.0
2,,609,New Zealand,80171057.0
3,,103,Bangladesh,6226059.0
3,,105,Brunei,489866.0
3,,106,Myanmar,788119.0
3,,107,Cambodia,43173.0
3,,134,Sri Lanka,24284.0
3,,215,Egypt,416302.0
3,,232,Morocco,199552.0
3,,247,Tanzania,1087034.0
3,,302,Denmark,1581759.0
3,,311,Portugal,2127699.0
3,,322,Iceland,8420092.0
3,,334,Estonia,1421709.0
3,,402,Argentina,16970664.0
3,,412,Chile,16110766.0
3,,413,Colombia,10865.0
3,,419,Ecuador,13824460.0
3,,434,Peru,3911154.0
3,,603,Fiji,102359.0
3,,608,Vanuatu,2356762.0
3,,609,New Zealand,29840358.0
3,,611,Papua New Guinea,218790.0
4,,106,Myanmar,35.0
4,,146,Kyrgyzstan,3840.0
4,,215,Egypt,401.0
4,,253,Zambia,29664.0
4,,302,Denmark,3571187.0
4,,308,Luxembourg,292880.0
4,,311,Portugal,49027.0
4,,328,Romania,21440.0
4,,330,Sweden,1307255.0
4,,331,Switzerland,620238.0
4,,347,Ukraine,1562466.0
4,,352,Czechia（Czech Republic）,102571.0
4,,402,Argentina,1521061.0
4,,412,Chile,939954.0
4,,609,New Zealand,267911774.0
5,,103,Bangladesh,57423.0
5,,106,Myanmar,30800.0
5,,232,Morocco,3914.0
5,,236,Nigeria,171018.0
5,,247,Tanzania,77529.0
5,,302,Denmark,1704439.0
5,,330,Sweden,280.0
5,,331,Switzerland,39154.0
5,,347,Ukraine,104739.0
5,,352,Czechia（Czech Republic）,165607.0
5,,412,Chile,164652.0
5,,419,Ecuador,16887.0
5,,426,Honduras,19258.0
5,,603,Fiji,11749.0
5,,609,New Zealand,11708615.0
5,,623,French Polynesia,26404.0
6,,115,Israel,44415.0
6,,228,Malawi,2024.0
6,,247,Tanzania,30490.0
6,,302,Denmark,4368.0
6,,311,Portugal,4121.0
6,,413,Colombia,105220.0
6,,419,Ecuador,711273.0
6,,423,Guatemala,3007.0
6,,609,New Zealand,70942.0
7,,106,Myanmar,2819430.0
7,,232,Morocco,6631.0
7,,311,Portugal,18556.0
7,,412,Chile,170038.0
7,,434,Peru,1694.0
7,,609,New Zealand,1368334.0
8,,106,Myanmar,1019801.0
8,,107,Cambodia,348057.0
8,,114,Iraq,14967.0
8,,115,Israel,112150.0
8,,134,Sri Lanka,21366.0
8,,146,Kyrgyzstan,306306.0
8,,215,Egypt,19107919.0
8,,229,Mali,138749.0
8,,232,Morocco,3070373.0
8,,236,Nigeria,4194977.0
8,,247,Tanzania,122533.0
8,,248,Togo,413190.0
8,,330,Sweden,1738347.0
8,,331,Switzerland,257.0
8,,347,Ukraine,62200.0
8,,402,Argentina,276437.0
8,,412,Chile,15711373.0
8,,419,Ecuador,6748342.0
8,,434,Peru,5628699.0
8,,609,New Zealand,50166828.0
9,,106,Myanmar,37883.0
9,,121,"Macao,China",29127.0
9,,134,Sri Lanka,4251212.0
9,,144,Timor-Leste,114.0
9,,215,Egypt,5446.0
9,,228,Malawi,841778.0
9,,232,Morocco,3414.0
9,,247,Tanzania,137274.0
9,,311,Portugal,20363.0
9,,330,Sweden,48121.0
9,,331,Switzerland,284667.0
9,,413,Colombia,1930736.0
9,,418,Dominican Republic,13879.0
9,,423,Guatemala,1080497.0
9,,426,Honduras,4156.0
9,,432,Panama,8984.0
9,,434,Peru,26.0
9,,609,New Zealand,60817.0
9,,611,Papua New Guinea,115681.0
10,,106,Myanmar,4546410.0
10,,107,Cambodia,2970176.0
10,,347,Ukraine,58267041.0
10,,402,Argentina,280.0
10,,412,Chile,861.0
11,,106,Myanmar,7628.0
11,,107,Cambodia,1506524.0
11,,302,Denmark,137739.0
11,,347,Ukraine,2351801.0
11,,412,Chile,249646.0
12,,103,Bangladesh,24824.0
12,,106,Myanmar,6936786.0
12,,115,Israel,1407046.0
12,,146,Kyrgyzstan,34364.0
12,,215,Egypt,121015.0
12,,229,Mali,966029.0
12,,232,Morocco,7657.0
12,,246,Sudan,12551796.0
12,,247,Tanzania,519819.0
12,,248,Togo,3051634.0
12,,302,Denmark,1559144.0
12,,347,Ukraine,2618065.0
12,,352,Czechia（Czech Republic）,409.0
12,,402,Argentina,291040458.0
12,,412,Chile,17063637.0
12,,423,Guatemala,48800.0
12,,433,Paraguay,352799.0
12,,434,Peru,4390572.0
12,,609,New Zealand,670961.0
13,,115,Israel,79441.0
13,,232,Morocco,74793.0
13,,236,Nigeria,13240.0
13,,246,Sudan,192309.0
13,,302,Denmark,1312878.0
13,,325,Monaco,737.0
13,,331,Switzerland,105431.0
13,,352,Czechia（Czech Republic）,598948.0
13,,353,Slovakia,148.0
13,,412,Chile,307618.0
13,,434,Peru,21940.0
13,,603,Fiji,94080.0
14,,106,Myanmar,47135.0
14,,134,Sri Lanka,130102.0
14,,215,Egypt,31500.0
14,,228,Malawi,3360.0
14,,247,Tanzania,37741.0
14,,253,Zambia,58036.0
14,,311,Portugal,5048.0
14,,412,Chile,242356.0
14,,419,Ecuador,20400.0
14,,434,Peru,277696.0
15,,103,Bangladesh,200220.0
15,,115,Israel,2414.0
15,,134,Sri Lanka,108177.0
15,,232,Morocco,1480462.0
15,,246,Sudan,6218253.0
15,,311,Portugal,749060.0
15,,322,Iceland,431398.0
15,,328,Romania,51747.0
15,,330,Sweden,3577132.0
15,,331,Switzerland,373911.0
15,,347,Ukraine,37767110.0
15,,352,Czechia（Czech Republic）,2845.0
15,,402,Argentina,14801554.0
15,,412,Chile,797584.0
15,,413,Colombia,1435137.0
15,,419,Ecuador,292220.0
15,,432,Panama,252000.0
15,,434,Peru,12284433.0
15,,609,New Zealand,1196205.0
16,,215,Egypt,456281.0
16,,232,Morocco,1465.0
16,,302,Denmark,123823.0
16,,311,Portugal,3793.0
16,,322,Iceland,64428.0
16,,335,Latvia,35605.0
16,,352,Czechia（Czech Republic）,133471.0
16,,402,Argentina,172407.0
16,,412,Chile,1475867.0
16,,434,Peru,10327015.0
16,,609,New Zealand,8512.0
17,,103,Bangladesh,671.0
17,,106,Myanmar,35.0
17,,115,Israel,196311.0
17,,117,Jordan,300.0
17,,121,"Macao,China",58132.0
17,,215,Egypt,462.0
17,,302,Denmark,22854.0
17,,331,Switzerland,180064.0
17,,347,Ukraine,98831.0
17,,352,Czechia（Czech Republic）,4826.0
17,,354,North Macedonia,11221.0
17,,402,Argentina,48541.0
17,,412,Chile,161017.0
17,,413,Colombia,212000.0
17,,416,Cuba,32716233.0
17,,419,Ecuador,30196.0
17,,423,Guatemala,751548.0
17,,609,New Zealand,1031453.0
18,,107,Cambodia,92076.0
18,,117,Jordan,1111.0
18,,121,"Macao,China",434.0
18,,236,Nigeria,3903710.0
18,,302,Denmark,37003.0
18,,328,Romania,46923.0
18,,329,San Marino,1514.0
18,,330,Sweden,117522.0
18,,331,Switzerland,838614.0
18,,347,Ukraine,18911.0
18,,402,Argentina,2590.0
18,,419,Ecuador,1308235.0
18,,609,New Zealand,7054.0
19,,103,Bangladesh,10202.0
19,,106,Myanmar,45947.0
19,,107,Cambodia,11190.0
19,,117,Jordan,1073.0
19,,121,"Macao,China",176081.0
19,,131,Saudi Arabia,37310.0
19,,134,Sri Lanka,8694.0
19,,146,Kyrgyzstan,25925.0
19,,302,Denmark,17984638.0
19,,311,Portugal,129594.0
19,,328,Romania,51075.0
19,,330,Sweden,744629.0
19,,331,Switzerland,10030489.0
19,,334,Estonia,29656.0
19,,335,Latvia,21606.0
19,,347,Ukraine,98958.0
19,,352,Czechia（Czech Republic）,142646.0
19,,354,North Macedonia,2710.0
19,,609,New Zealand,64585390.0
20,,107,Cambodia,133520.0
20,,115,Israel,3828720.0
20,,117,Jordan,8789.0
20,,215,Egypt,205429.0
20,,232,Morocco,2102.0
20,,247,Tanzania,31398.0
20,,302,Denmark,21906.0
20,,311,Portugal,2120.0
20,,328,Romania,81.0
20,,329,San Marino,1332.0
20,,330,Sweden,86571.0
20,,331,Switzerland,322005.0
20,,343,Moldova,14119.0
20,,347,Ukraine,14508.0
20,,352,Czechia（Czech Republic）,186966.0
20,,402,Argentina,175056.0
20,,412,Chile,522583.0
20,,419,Ecuador,230561.0
20,,434,Peru,17894.0
20,,603,Fiji,10800.0
20,,609,New Zealand,1040016.0
20,,623,French Polynesia,28050.0
21,,115,Israel,301518.0
21,,117,Jordan,2670.0
21,,134,Sri Lanka,1312.0
21,,201,Algeria,70210.0
21,,215,Egypt,1074.0
21,,232,Morocco,26.0
21,,236,Nigeria,8824.0
21,,302,Denmark,1495675.0
21,,308,Luxembourg,60591.0
21,,311,Portugal,1596.0
21,,329,San Marino,13018.0
21,,330,Sweden,473013.0
21,,331,Switzerland,1176990.0
21,,334,Estonia,752.0
21,,347,Ukraine,37026.0
21,,352,Czechia（Czech Republic）,653234.0
21,,412,Chile,953.0
21,,413,Colombia,79674.0
21,,419,Ecuador,12090.0
21,,434,Peru,23562.0
21,,609,New Zealand,4775472.0
22,,115,Israel,7956.0
22,,131,Saudi Arabia,56880.0
22,,146,Kyrgyzstan,2232.0
22,,215,Egypt,62252.0
22,,302,Denmark,734311.0
22,,308,Luxembourg,70600.0
22,,311,Portugal,7505650.0
22,,328,Romania,158113.0
22,,330,Sweden,594168.0
22,,331,Switzerland,76653.0
22,,334,Estonia,26442.0
22,,335,Latvia,90332.0
22,,343,Moldova,937573.0
22,,347,Ukraine,166786.0
22,,352,Czechia（Czech Republic）,640663.0
22,,353,Slovakia,61931.0
22,,354,North Macedonia,234374.0
22,,402,Argentina,1988667.0
22,,412,Chile,27146707.0
22,,416,Cuba,69041.0
22,,418,Dominican Republic,28800.0
22,,419,Ecuador,2564.0
22,,434,Peru,7189.0
22,,603,Fiji,257442.0
22,,609,New Zealand,3520444.0
23,,106,Myanmar,636462.0
23,,107,Cambodia,121990.0
23,,232,Morocco,1008090.0
23,,246,Sudan,2523627.0
23,,302,Denmark,7916295.0
23,,322,Iceland,425.0
23,,331,Switzerland,368696.0
23,,402,Argentina,2088827.0
23,,412,Chile,27195716.0
23,,419,Ecuador,4135213.0
23,,432,Panama,1168969.0
23,,434,Peru,59142330.0
23,,609,New Zealand,4189825.0
24,,106,Myanmar,409363.0
24,,107,Cambodia,78949.0
24,,121,"Macao,China",911101.0
24,,302,Denmark,46485.0
24,,328,Romania,19816.0
24,,331,Switzerland,62379.0
24,,402,Argentina,98637.0
24,,416,Cuba,1013311.0
24,,418,Dominican Republic,148755.0
24,,426,Honduras,8188.0
25,,106,Myanmar,570184.0
25,,107,Cambodia,2407662.0
25,,115,Israel,783741.0
25,,117,Jordan,722.0
25,,130,Qatar,10484270.0
25,,131,Saudi Arabia,20545644.0
25,,134,Sri Lanka,277919.0
25,,201,Algeria,1155.0
25,,215,Egypt,11703140.0
25,,232,Morocco,5201809.0
25,,236,Nigeria,126518.0
25,,247,Tanzania,13989.0
25,,302,Denmark,375587.0
25,,311,Portugal,6905596.0
25,,330,Sweden,95228.0
25,,331,Switzerland,23901.0
25,,347,Ukraine,89203.0
25,,354,North Macedonia,539721.0
25,,355,Bosnia and Herzegovina,247480.0
25,,412,Chile,975470.0
25,,423,Guatemala,1350.0
25,,432,Panama,69.0
25,,434,Peru,2016.0
25,,609,New Zealand,107985.0
26,,106,Myanmar,90755109.0
26,,131,Saudi Arabia,17988273.0
26,,134,Sri Lanka,3290828.0
26,,146,Kyrgyzstan,335396.0
26,,215,Egypt,871955.0
26,,232,Morocco,24891261.0
26,,236,Nigeria,13496618.0
26,,238,Rwanda,1420897.0
26,,246,Sudan,320054.0
26,,253,Zambia,4975847.0
26,,311,Portugal,2202841.0
26,,328,Romania,279414.0
26,,330,Sweden,6495616.0
26,,347,Ukraine,99508813.0
26,,412,Chile,556101340.0
26,,413,Colombia,206323.0
26,,418,Dominican Republic,477575.0
26,,419,Ecuador,18798855.0
26,,423,Guatemala,5216128.0
26,,434,Peru,762412209.0
26,,445,Venezuela,24613202.0
26,,609,New Zealand,9470618.0
26,,611,Papua New Guinea,9378909.0
26,,613,Solomon Islands,9095438.0
27,,105,Brunei,30810905.0
27,,106,Myanmar,66606059.0
27,,114,Iraq,1231490255.0
27,,115,Israel,395446.0
27,,130,Qatar,393507852.0
27,,131,Saudi Arabia,1506383031.0
27,,146,Kyrgyzstan,258185.0
27,,201,Algeria,14437187.0
27,,215,Egypt,33650626.0
27,,216,Equatorial Guinea,48893759.0
27,,226,Libya,75350102.0
27,,236,Nigeria,78867379.0
27,,246,Sudan,29910764.0
27,,302,Denmark,90147.0
27,,311,Portugal,287.0
27,,328,Romania,1596.0
27,,330,Sweden,1935916.0
27,,331,Switzerland,270131.0
27,,334,Estonia,395129.0
27,,335,Latvia,2441796.0
27,,347,Ukraine,30736.0
27,,352,Czechia（Czech Republic）,2684.0
27,,402,Argentina,600.0
27,,413,Colombia,213050497.0
27,,419,Ecuador,34084346.0
27,,445,Venezuela,590844742.0
27,,609,New Zealand,6277018.0
27,,611,Papua New Guinea,71124654.0
28,,106,Myanmar,1007428.0
28,,107,Cambodia,274.0
28,,115,Israel,14164295.0
28,,117,Jordan,5879648.0
28,,130,Qatar,7322814.0
28,,131,Saudi Arabia,6034536.0
28,,201,Algeria,3494749.0
28,,215,Egypt,178.0
28,,302,Denmark,16684.0
28,,322,Iceland,66101.0
28,,323,Liechtenstein,19530.0
28,,328,Romania,4364.0
28,,330,Sweden,273931.0
28,,331,Switzerland,607754.0
28,,335,Latvia,34894.0
28,,347,Ukraine,596.0
28,,352,Czechia（Czech Republic）,1150328.0
28,,353,Slovakia,24109.0
28,,355,Bosnia and Herzegovina,162588.0
28,,402,Argentina,12892538.0
28,,412,Chile,36106524.0
28,,413,Colombia,4517.0
28,,434,Peru,1282572.0
28,,609,New Zealand,439.0
29,,103,Bangladesh,1143.0
29,,105,Brunei,3560612.0
29,,115,Israel,5381928.0
29,,117,Jordan,1974800.0
29,,130,Qatar,15756747.0
29,,131,Saudi Arabia,393612333.0
29,,146,Kyrgyzstan,318480.0
29,,257,Swaziland,903.0
29,,302,Denmark,82515924.0
29,,311,Portugal,108214.0
29,,323,Liechtenstein,340.0
29,,328,Romania,200994.0
29,,330,Sweden,6686649.0
29,,331,Switzerland,57431163.0
29,,334,Estonia,29971.0
29,,335,Latvia,6204.0
29,,347,Ukraine,622363.0
29,,352,Czechia（Czech Republic）,3437169.0
29,,353,Slovakia,21886.0
29,,402,Argentina,707535.0
29,,412,Chile,105.0
29,,445,Venezuela,12687549.0
29,,609,New Zealand,42426003.0
30,,107,Cambodia,4745.0
30,,115,Israel,4878864.0
30,,131,Saudi Arabia,947.0
30,,134,Sri Lanka,12000.0
30,,215,Egypt,6388.0
30,,236,Nigeria,110.0
30,,302,Denmark,36453867.0
30,,323,Liechtenstein,603573.0
30,,328,Romania,198206.0
30,,330,Sweden,98776566.0
30,,331,Switzerland,37434256.0
30,,334,Estonia,475.0
30,,352,Czechia（Czech Republic）,34976.0
30,,353,Slovakia,50161.0
30,,402,Argentina,5318330.0
30,,418,Dominican Republic,1416118.0
30,,434,Peru,46500.0
30,,609,New Zealand,320900.0
31,,115,Israel,1680417.0
31,,117,Jordan,2413125.0
31,,328,Romania,386400.0
31,,330,Sweden,12544.0
31,,331,Switzerland,655.0
31,,352,Czechia（Czech Republic）,480.0
32,,115,Israel,510814.0
32,,131,Saudi Arabia,134040.0
32,,134,Sri Lanka,469.0
32,,302,Denmark,946816.0
32,,308,Luxembourg,7040.0
32,,311,Portugal,309025.0
32,,323,Liechtenstein,221573.0
32,,328,Romania,156091.0
32,,330,Sweden,359724.0
32,,331,Switzerland,5004403.0
32,,334,Estonia,24006.0
32,,347,Ukraine,784.0
32,,352,Czechia（Czech Republic）,236876.0
32,,353,Slovakia,59.0
32,,402,Argentina,309120.0
32,,412,Chile,41332.0
32,,413,Colombia,66518.0
32,,434,Peru,1169599.0
32,,609,New Zealand,11886.0
33,,115,Israel,607850.0
33,,117,Jordan,80.0
33,,134,Sri Lanka,2992.0
33,,215,Egypt,37958.0
33,,232,Morocco,22963.0
33,,302,Denmark,63813.0
33,,308,Luxembourg,39285.0
33,,311,Portugal,114658.0
33,,322,Iceland,497556.0
33,,325,Monaco,389401.0
33,,328,Romania,13932.0
33,,330,Sweden,119357.0
33,,331,Switzerland,7080731.0
33,,335,Latvia,20095.0
33,,347,Ukraine,16989.0
33,,352,Czechia（Czech Republic）,106163.0
33,,353,Slovakia,250407.0
33,,355,Bosnia and Herzegovina,45.0
33,,402,Argentina,105878.0
33,,412,Chile,161040.0
33,,416,Cuba,317.0
33,,423,Guatemala,2022.0
33,,426,Honduras,15451.0
33,,433,Paraguay,35282.0
33,,609,New Zealand,2657607.0
34,,106,Myanmar,324.0
34,,115,Israel,8506.0
34,,121,"Macao,China",200.0
34,,130,Qatar,15.0
34,,131,Saudi Arabia,1151904.0
34,,134,Sri Lanka,196.0
34,,215,Egypt,5262805.0
34,,232,Morocco,2174.0
34,,302,Denmark,1086774.0
34,,311,Portugal,217332.0
34,,323,Liechtenstein,3.0
34,,325,Monaco,19128.0
34,,328,Romania,78417.0
34,,330,Sweden,1171301.0
34,,331,Switzerland,2209074.0
34,,335,Latvia,186348.0
34,,347,Ukraine,15314.0
34,,352,Czechia（Czech Republic）,9930.0
34,,353,Slovakia,23180.0
34,,402,Argentina,40.0
34,,609,New Zealand,433209.0
34,,613,Solomon Islands,3672.0
35,,107,Cambodia,6738154.0
35,,115,Israel,209533.0
35,,302,Denmark,11248050.0
35,,308,Luxembourg,2338.0
35,,311,Portugal,5165.0
35,,322,Iceland,226.0
35,,328,Romania,26511.0
35,,330,Sweden,779513.0
35,,331,Switzerland,1721105.0
35,,347,Ukraine,135000.0
35,,352,Czechia（Czech Republic）,324024.0
35,,402,Argentina,896890.0
35,,434,Peru,5878.0
35,,609,New Zealand,15575625.0
36,,352,Czechia（Czech Republic）,2268886.0
37,,115,Israel,548705.0
37,,130,Qatar,15.0
37,,331,Switzerland,63511.0
37,,352,Czechia（Czech Republic）,13282.0
38,,103,Bangladesh,267913.0
38,,107,Cambodia,162520.0
38,,115,Israel,4495045.0
38,,117,Jordan,9746.0
38,,130,Qatar,670408.0
38,,131,Saudi Arabia,637618.0
38,,134,Sri Lanka,827830.0
38,,201,Algeria,17051.0
38,,215,Egypt,3374.0
38,,236,Nigeria,54305.0
38,,302,Denmark,3217064.0
38,,308,Luxembourg,103387.0
38,,311,Portugal,393223.0
38,,323,Liechtenstein,729650.0
38,,325,Monaco,160145.0
38,,328,Romania,362695.0
38,,329,San Marino,4122.0
38,,330,Sweden,9250747.0
38,,331,Switzerland,6855463.0
38,,334,Estonia,21357.0
38,,335,Latvia,2403.0
38,,347,Ukraine,208582.0
38,,352,Czechia（Czech Republic）,465708.0
38,,353,Slovakia,333564.0
38,,355,Bosnia and Herzegovina,9988.0
38,,402,Argentina,507941.0
38,,412,Chile,341663.0
38,,413,Colombia,422873.0
38,,419,Ecuador,175031.0
38,,434,Peru,89983.0
38,,445,Venezuela,30537.0
38,,609,New Zealand,465962.0
39,,101,Afghanistan,2108.0
39,,103,Bangladesh,2881493.0
39,,106,Myanmar,171990.0
39,,107,Cambodia,922729.0
39,,115,Israel,8344506.0
39,,117,Jordan,60.0
39,,121,"Macao,China",5729607.0
39,,130,Qatar,48952250.0
39,,131,Saudi Arabia,288675044.0
39,,134,Sri Lanka,80206.0
39,,201,Algeria,1499.0
39,,215,Egypt,221567.0
39,,232,Morocco,111151.0
39,,236,Nigeria,1179927.0
39,,246,Sudan,900297.0
39,,247,Tanzania,1223250.0
39,,253,Zambia,23061.0
39,,257,Swaziland,1469.0
39,,302,Denmark,5725282.0
39,,308,Luxembourg,5417488.0
39,,311,Portugal,4884154.0
39,,322,Iceland,16696.0
39,,323,Liechtenstein,48876.0
39,,325,Monaco,101477.0
39,,328,Romania,1937531.0
39,,330,Sweden,17331450.0
39,,331,Switzerland,21230781.0
39,,334,Estonia,160399.0
39,,335,Latvia,139861.0
39,,343,Moldova,1414.0
39,,347,Ukraine,593717.0
39,,352,Czechia（Czech Republic）,5645472.0
39,,353,Slovakia,1347761.0
39,,354,North Macedonia,2286.0
39,,355,Bosnia and Herzegovina,51.0
39,,402,Argentina,876630.0
39,,412,Chile,495521.0
39,,413,Colombia,1475840.0
39,,418,Dominican Republic,347872.0
39,,419,Ecuador,279578.0
39,,423,Guatemala,141977.0
39,,426,Honduras,188654.0
39,,434,Peru,198860.0
39,,445,Venezuela,474489.0
39,,606,Nauru,193.0
39,,609,New Zealand,880377.0
40,,103,Bangladesh,4823.0
40,,105,Brunei,462.0
40,,106,Myanmar,12959013.0
40,,107,Cambodia,217012.0
40,,115,Israel,189787.0
40,,131,Saudi Arabia,5486681.0
40,,134,Sri Lanka,2007096.0
40,,201,Algeria,41524.0
40,,215,Egypt,661.0
40,,232,Morocco,66096.0
40,,236,Nigeria,81457.0
40,,257,Swaziland,105.0
40,,302,Denmark,1715709.0
40,,308,Luxembourg,793491.0
40,,311,Portugal,670625.0
40,,323,Liechtenstein,4788.0
40,,325,Monaco,907.0
40,,328,Romania,8717461.0
40,,330,Sweden,2860234.0
40,,331,Switzerland,2227600.0
40,,334,Estonia,456124.0
40,,335,Latvia,305.0
40,,347,Ukraine,7263.0
40,,352,Czechia（Czech Republic）,11062054.0
40,,353,Slovakia,824709.0
40,,354,North Macedonia,242.0
40,,402,Argentina,3648.0
40,,412,Chile,1015.0
40,,419,Ecuador,880.0
40,,426,Honduras,3647.0
40,,434,Peru,1326.0
40,,606,Nauru,308.0
40,,609,New Zealand,161289.0
41,,103,Bangladesh,2787058.0
41,,107,Cambodia,111495.0
41,,115,Israel,88585.0
41,,121,"Macao,China",30.0
41,,128,Palestine,70797.0
41,,131,Saudi Arabia,1908231.0
41,,146,Kyrgyzstan,1673758.0
41,,215,Egypt,1312230.0
41,,228,Malawi,57276.0
41,,229,Mali,235240.0
41,,236,Nigeria,859680.0
41,,238,Rwanda,124801.0
41,,246,Sudan,90510.0
41,,247,Tanzania,127376.0
41,,253,Zambia,30355.0
41,,302,Denmark,1490283.0
41,,311,Portugal,211832.0
41,,328,Romania,22157.0
41,,330,Sweden,85434.0
41,,331,Switzerland,16983.0
41,,352,Czechia（Czech Republic）,840714.0
41,,402,Argentina,16069427.0
41,,412,Chile,1119020.0
41,,413,Colombia,2396900.0
41,,418,Dominican Republic,70954.0
41,,419,Ecuador,128583.0
41,,432,Panama,188864.0
41,,433,Paraguay,1227961.0
41,,434,Peru,3282213.0
41,,445,Venezuela,988173.0
41,,609,New Zealand,10645123.0
42,,103,Bangladesh,1368974.0
42,,106,Myanmar,720544.0
42,,107,Cambodia,752437.0
42,,115,Israel,64389.0
42,,121,"Macao,China",168.0
42,,130,Qatar,1312.0
42,,134,Sri Lanka,245022.0
42,,215,Egypt,797.0
42,,232,Morocco,73724.0
42,,238,Rwanda,9407.0
42,,302,Denmark,34615.0
42,,311,Portugal,35373.0
42,,328,Romania,1933686.0
42,,330,Sweden,23469.0
42,,331,Switzerland,318885.0
42,,334,Estonia,2884.0
42,,335,Latvia,24.0
42,,343,Moldova,191073.0
42,,347,Ukraine,79212.0
42,,352,Czechia（Czech Republic）,1484458.0
42,,353,Slovakia,2519.0
42,,354,North Macedonia,72.0
42,,355,Bosnia and Herzegovina,56270.0
42,,402,Argentina,1226.0
42,,412,Chile,452.0
42,,413,Colombia,4970.0
42,,434,Peru,596.0
42,,609,New Zealand,1973.0
43,,107,Cambodia,38493701.0
43,,131,Saudi Arabia,35065.0
43,,215,Egypt,1000.0
43,,302,Denmark,34730052.0
43,,311,Portugal,84571.0
43,,328,Romania,23975.0
43,,347,Ukraine,25930.0
43,,352,Czechia（Czech Republic）,19013.0
43,,402,Argentina,60596.0
43,,413,Colombia,14048.0
43,,434,Peru,30738.0
43,,609,New Zealand,143267.0
44,,103,Bangladesh,266390.0
44,,106,Myanmar,4179804.0
44,,107,Cambodia,1798830.0
44,,115,Israel,17290.0
44,,134,Sri Lanka,307216.0
44,,215,Egypt,148.0
44,,216,Equatorial Guinea,18756263.0
44,,229,Mali,1253399.0
44,,232,Morocco,35.0
44,,236,Nigeria,7177602.0
44,,247,Tanzania,642055.0
44,,253,Zambia,3500729.0
44,,302,Denmark,4899311.0
44,,308,Luxembourg,1016141.0
44,,311,Portugal,216645.0
44,,323,Liechtenstein,40479.0
44,,328,Romania,15927083.0
44,,330,Sweden,14393673.0
44,,331,Switzerland,2428506.0
44,,334,Estonia,5151360.0
44,,335,Latvia,4815119.0
44,,347,Ukraine,4087866.0
44,,352,Czechia（Czech Republic）,1505568.0
44,,353,Slovakia,487402.0
44,,355,Bosnia and Herzegovina,2813873.0
44,,402,Argentina,1725435.0
44,,412,Chile,33577476.0
44,,413,Colombia,347945.0
44,,419,Ecuador,3228442.0
44,,423,Guatemala,293575.0
44,,432,Panama,3770703.0
44,,433,Paraguay,276134.0
44,,434,Peru,4662335.0
44,,445,Venezuela,121189.0
44,,603,Fiji,7693.0
44,,608,Vanuatu,547498.0
44,,609,New Zealand,128723545.0
44,,611,Papua New Guinea,50691388.0
44,,613,Solomon Islands,31880197.0
45,,201,Algeria,140395.0
45,,311,Portugal,2284758.0
46,,103,Bangladesh,548.0
46,,106,Myanmar,295.0
46,,331,Switzerland,16979.0
46,,413,Colombia,255.0
46,,434,Peru,344.0
47,,105,Brunei,154632.0
47,,106,Myanmar,115598.0
47,,115,Israel,132860.0
47,,121,"Macao,China",49651.0
47,,131,Saudi Arabia,287295.0
47,,311,Portugal,11427742.0
47,,330,Sweden,21750562.0
47,,334,Estonia,225261.0
47,,352,Czechia（Czech Republic）,12331442.0
47,,402,Argentina,5056425.0
47,,412,Chile,116321187.0
47,,418,Dominican Republic,1756184.0
47,,423,Guatemala,1400841.0
47,,426,Honduras,162416.0
47,,432,Panama,19634.0
47,,609,New Zealand,14789279.0
48,,103,Bangladesh,3622.0
48,,106,Myanmar,3.0
48,,107,Cambodia,4297.0
48,,115,Israel,67078.0
48,,121,"Macao,China",200.0
48,,130,Qatar,573.0
48,,131,Saudi Arabia,837779.0
48,,134,Sri Lanka,194783.0
48,,201,Algeria,531.0
48,,215,Egypt,1301.0
48,,302,Denmark,1124213.0
48,,308,Luxembourg,281476.0
48,,311,Portugal,150684.0
48,,328,Romania,4992.0
48,,330,Sweden,43070666.0
48,,331,Switzerland,2243943.0
48,,334,Estonia,85716.0
48,,347,Ukraine,346795.0
48,,352,Czechia（Czech Republic）,302689.0
48,,353,Slovakia,236846.0
48,,412,Chile,293609.0
48,,413,Colombia,56802.0
48,,418,Dominican Republic,159.0
48,,434,Peru,1841.0
48,,603,Fiji,1675.0
48,,609,New Zealand,3850218.0
49,,103,Bangladesh,6906.0
49,,115,Israel,792984.0
49,,121,"Macao,China",9739.0
49,,130,Qatar,441.0
49,,131,Saudi Arabia,2515.0
49,,134,Sri Lanka,147.0
49,,215,Egypt,350.0
49,,236,Nigeria,1200.0
49,,253,Zambia,100.0
49,,302,Denmark,130567.0
49,,308,Luxembourg,661.0
49,,311,Portugal,798.0
49,,328,Romania,2379.0
49,,330,Sweden,560627.0
49,,331,Switzerland,1818520.0
49,,334,Estonia,3465.0
49,,335,Latvia,704.0
49,,343,Moldova,1.0
49,,347,Ukraine,21433.0
49,,352,Czechia（Czech Republic）,87672.0
49,,353,Slovakia,54516.0
49,,434,Peru,1404.0
49,,609,New Zealand,164705.0
50,,331,Switzerland,4319.0
51,,101,Afghanistan,40802.0
51,,131,Saudi Arabia,95054.0
51,,146,Kyrgyzstan,224729.0
51,,201,Algeria,12538.0
51,,215,Egypt,1031362.0
51,,232,Morocco,62014.0
51,,302,Denmark,171384.0
51,,311,Portugal,404697.0
51,,328,Romania,2961.0
51,,330,Sweden,1090.0
51,,331,Switzerland,23936.0
51,,335,Latvia,1921.0
51,,352,Czechia（Czech Republic）,151657.0
51,,402,Argentina,4866416.0
51,,412,Chile,2263502.0
51,,434,Peru,4481249.0
51,,609,New Zealand,9578426.0
52,,103,Bangladesh,537001.0
52,,106,Myanmar,100592.0
52,,107,Cambodia,120.0
52,,115,Israel,729503.0
52,,215,Egypt,142744.0
52,,229,Mali,882074.0
52,,246,Sudan,2553836.0
52,,247,Tanzania,247624.0
52,,251,Burkina Faso,3305757.0
52,,302,Denmark,13986.0
52,,311,Portugal,399626.0
52,,328,Romania,14985.0
52,,331,Switzerland,323922.0
52,,352,Czechia（Czech Republic）,17954.0
52,,413,Colombia,275.0
52,,434,Peru,148469.0
53,,103,Bangladesh,8796749.0
53,,134,Sri Lanka,1896900.0
53,,215,Egypt,80601.0
53,,247,Tanzania,1894289.0
53,,302,Denmark,3161.0
53,,311,Portugal,2505.0
53,,330,Sweden,28.0
53,,331,Switzerland,3747.0
53,,347,Ukraine,110170.0
53,,412,Chile,59.0
54,,103,Bangladesh,228743.0
54,,106,Myanmar,542.0
54,,107,Cambodia,18865.0
54,,115,Israel,395069.0
54,,131,Saudi Arabia,518246.0
54,,134,Sri Lanka,39997.0
54,,215,Egypt,12713.0
54,,302,Denmark,115889.0
54,,308,Luxembourg,14110.0
54,,311,Portugal,539063.0
54,,328,Romania,6583.0
54,,330,Sweden,30687.0
54,,331,Switzerland,1869066.0
54,,334,Estonia,20134.0
54,,335,Latvia,31012.0
54,,347,Ukraine,909.0
54,,352,Czechia（Czech Republic）,62655.0
54,,353,Slovakia,4800.0
54,,412,Chile,1610.0
54,,413,Colombia,744.0
54,,609,New Zealand,2206.0
55,,103,Bangladesh,75819.0
55,,121,"Macao,China",705.0
55,,130,Qatar,1727.0
55,,134,Sri Lanka,2148.0
55,,232,Morocco,318844.0
55,,302,Denmark,330316.0
55,,311,Portugal,758369.0
55,,328,Romania,75654.0
55,,330,Sweden,595.0
55,,331,Switzerland,1104535.0
55,,352,Czechia（Czech Republic）,5200.0
55,,353,Slovakia,15991.0
55,,434,Peru,58640.0
55,,609,New Zealand,744.0
56,,103,Bangladesh,41214.0
56,,107,Cambodia,16543.0
56,,115,Israel,672181.0
56,,121,"Macao,China",1510.0
56,,131,Saudi Arabia,3054411.0
56,,134,Sri Lanka,57472.0
56,,215,Egypt,1301183.0
56,,232,Morocco,19029.0
56,,302,Denmark,64130.0
56,,308,Luxembourg,4411274.0
56,,311,Portugal,47031.0
56,,328,Romania,91751.0
56,,330,Sweden,64328.0
56,,331,Switzerland,285978.0
56,,334,Estonia,8041.0
56,,352,Czechia（Czech Republic）,561387.0
56,,353,Slovakia,25478.0
56,,426,Honduras,1424.0
56,,434,Peru,51706.0
56,,609,New Zealand,1468.0
57,,103,Bangladesh,250268.0
57,,115,Israel,54133.0
57,,215,Egypt,867366.0
57,,232,Morocco,4726.0
57,,302,Denmark,20598.0
57,,311,Portugal,29751.0
57,,330,Sweden,17939.0
57,,331,Switzerland,36581.0
57,,334,Estonia,102.0
57,,335,Latvia,317.0
57,,343,Moldova,16739.0
57,,352,Czechia（Czech Republic）,985.0
57,,353,Slovakia,62.0
57,,609,New Zealand,17949.0
58,,103,Bangladesh,42150.0
58,,106,Myanmar,81633.0
58,,107,Cambodia,16456.0
58,,121,"Macao,China",68781.0
58,,131,Saudi Arabia,75217.0
58,,134,Sri Lanka,571811.0
58,,302,Denmark,82199.0
58,,308,Luxembourg,284.0
58,,311,Portugal,77733.0
58,,328,Romania,233734.0
58,,330,Sweden,215209.0
58,,331,Switzerland,232151.0
58,,352,Czechia（Czech Republic）,69836.0
58,,353,Slovakia,3079.0
58,,402,Argentina,30621.0
58,,412,Chile,177.0
58,,413,Colombia,41354.0
58,,426,Honduras,25.0
58,,434,Peru,1157.0
59,,103,Bangladesh,300087.0
59,,107,Cambodia,363436.0
59,,115,Israel,509828.0
59,,302,Denmark,103865.0
59,,308,Luxembourg,78883.0
59,,311,Portugal,893259.0
59,,328,Romania,581632.0
59,,330,Sweden,857708.0
59,,331,Switzerland,4048809.0
59,,352,Czechia（Czech Republic）,255063.0
59,,353,Slovakia,139430.0
59,,402,Argentina,9860.0
59,,412,Chile,9402.0
59,,413,Colombia,30.0
59,,606,Nauru,222.0
59,,609,New Zealand,46999.0
60,,103,Bangladesh,28105.0
60,,107,Cambodia,6881.0
60,,121,"Macao,China",370.0
60,,134,Sri Lanka,222862.0
60,,215,Egypt,1085.0
60,,302,Denmark,4910.0
60,,311,Portugal,24535.0
60,,330,Sweden,8665.0
60,,331,Switzerland,110233.0
60,,335,Latvia,13810.0
60,,352,Czechia（Czech Republic）,16032.0
60,,353,Slovakia,139608.0
60,,609,New Zealand,16657.0
61,,101,Afghanistan,29.0
61,,103,Bangladesh,20048681.0
61,,106,Myanmar,454149.0
61,,107,Cambodia,19983739.0
61,,115,Israel,21038.0
61,,117,Jordan,1385432.0
61,,121,"Macao,China",512679.0
61,,134,Sri Lanka,5043730.0
61,,201,Algeria,356.0
61,,215,Egypt,204051.0
61,,232,Morocco,1542287.0
61,,236,Nigeria,123.0
61,,238,Rwanda,78.0
61,,302,Denmark,1797.0
61,,311,Portugal,22277891.0
61,,322,Iceland,532.0
61,,328,Romania,3913022.0
61,,330,Sweden,43865.0
61,,331,Switzerland,14826.0
61,,335,Latvia,4322.0
61,,343,Moldova,296621.0
61,,347,Ukraine,127900.0
61,,352,Czechia（Czech Republic）,893.0
61,,353,Slovakia,126031.0
61,,354,North Macedonia,209025.0
61,,355,Bosnia and Herzegovina,10044.0
61,,412,Chile,1954.0
61,,413,Colombia,23498.0
61,,418,Dominican Republic,2391.0
61,,419,Ecuador,370.0
61,,423,Guatemala,319045.0
61,,426,Honduras,242434.0
61,,434,Peru,391502.0
61,,609,New Zealand,474.0
62,,103,Bangladesh,28861634.0
62,,106,Myanmar,2234172.0
62,,107,Cambodia,4966993.0
62,,115,Israel,5285.0
62,,117,Jordan,13866.0
62,,121,"Macao,China",13404.0
62,,131,Saudi Arabia,54.0
62,,134,Sri Lanka,2513150.0
62,,215,Egypt,1551913.0
62,,232,Morocco,5017160.0
62,,247,Tanzania,162.0
62,,302,Denmark,962.0
62,,311,Portugal,3624109.0
62,,322,Iceland,260.0
62,,325,Monaco,8319.0
62,,328,Romania,13742367.0
62,,330,Sweden,28983.0
62,,331,Switzerland,2032462.0
62,,334,Estonia,19692.0
62,,335,Latvia,7514.0
62,,343,Moldova,828009.0
62,,347,Ukraine,431877.0
62,,352,Czechia（Czech Republic）,5534.0
62,,353,Slovakia,660163.0
62,,354,North Macedonia,137752.0
62,,355,Bosnia and Herzegovina,1217794.0
62,,402,Argentina,69.0
62,,412,Chile,5922.0
62,,413,Colombia,6178.0
62,,418,Dominican Republic,8906.0
62,,419,Ecuador,140.0
62,,423,Guatemala,107704.0
62,,426,Honduras,5942.0
62,,434,Peru,69225.0
62,,609,New Zealand,29689.0
63,,103,Bangladesh,3888330.0
63,,106,Myanmar,104648.0
63,,107,Cambodia,866203.0
63,,115,Israel,1932.0
63,,121,"Macao,China",493.0
63,,131,Saudi Arabia,743.0
63,,134,Sri Lanka,98193.0
63,,215,Egypt,208483.0
63,,232,Morocco,12331.0
63,,236,Nigeria,46.0
63,,302,Denmark,70524.0
63,,311,Portugal,405823.0
63,,328,Romania,372857.0
63,,330,Sweden,82621.0
63,,331,Switzerland,219082.0
63,,334,Estonia,7142.0
63,,335,Latvia,7119.0
63,,343,Moldova,154572.0
63,,347,Ukraine,139132.0
63,,352,Czechia（Czech Republic）,28113.0
63,,353,Slovakia,80237.0
63,,412,Chile,13.0
63,,418,Dominican Republic,498978.0
63,,426,Honduras,1776.0
63,,434,Peru,1007.0
63,,609,New Zealand,8167.0
64,,103,Bangladesh,444491.0
64,,106,Myanmar,476631.0
64,,107,Cambodia,6235220.0
64,,115,Israel,937.0
64,,134,Sri Lanka,1124545.0
64,,232,Morocco,184858.0
64,,257,Swaziland,370.0
64,,311,Portugal,1630812.0
64,,322,Iceland,254.0
64,,328,Romania,802285.0
64,,329,San Marino,34629.0
64,,330,Sweden,673.0
64,,331,Switzerland,489269.0
64,,334,Estonia,459.0
64,,347,Ukraine,11055.0
64,,353,Slovakia,703702.0
64,,354,North Macedonia,2548.0
64,,355,Bosnia and Herzegovina,106304.0
64,,412,Chile,1581.0
64,,413,Colombia,176.0
64,,418,Dominican Republic,17376.0
65,,103,Bangladesh,138914.0
65,,106,Myanmar,94.0
65,,107,Cambodia,9709.0
65,,134,Sri Lanka,20951.0
65,,232,Morocco,15.0
65,,236,Nigeria,23.0
65,,302,Denmark,281.0
65,,311,Portugal,59826.0
65,,328,Romania,670.0
65,,330,Sweden,5980.0
65,,331,Switzerland,25057.0
65,,334,Estonia,348.0
65,,335,Latvia,52.0
65,,343,Moldova,8380.0
65,,352,Czechia（Czech Republic）,5345.0
65,,353,Slovakia,6293.0
65,,412,Chile,26.0
65,,413,Colombia,69.0
65,,419,Ecuador,4951.0
65,,432,Panama,199.0
65,,434,Peru,61.0
65,,445,Venezuela,173.0
65,,609,New Zealand,5026.0
66,,107,Cambodia,44523.0
66,,302,Denmark,125.0
66,,331,Switzerland,959.0
66,,352,Czechia（Czech Republic）,16.0
67,,103,Bangladesh,363994.0
67,,106,Myanmar,74207.0
67,,115,Israel,15716.0
67,,331,Switzerland,1509.0
67,,334,Estonia,702.0
67,,347,Ukraine,380.0
67,,353,Slovakia,201.0
67,,419,Ecuador,334.0
68,,103,Bangladesh,11179.0
68,,106,Myanmar,26759.0
68,,107,Cambodia,4154.0
68,,115,Israel,584160.0
68,,131,Saudi Arabia,961.0
68,,134,Sri Lanka,31000.0
68,,232,Morocco,5040.0
68,,302,Denmark,762740.0
68,,308,Luxembourg,22657.0
68,,311,Portugal,117045.0
68,,323,Liechtenstein,1513.0
68,,328,Romania,103.0
68,,330,Sweden,408872.0
68,,331,Switzerland,1300021.0
68,,334,Estonia,1716.0
68,,352,Czechia（Czech Republic）,203445.0
68,,353,Slovakia,77330.0
68,,402,Argentina,412.0
68,,434,Peru,390.0
68,,609,New Zealand,375.0
69,,103,Bangladesh,2916.0
69,,115,Israel,407897.0
69,,134,Sri Lanka,13601.0
69,,215,Egypt,6562.0
69,,302,Denmark,56272.0
69,,308,Luxembourg,697.0
69,,311,Portugal,378252.0
69,,323,Liechtenstein,3554.0
69,,328,Romania,113943.0
69,,330,Sweden,165164.0
69,,331,Switzerland,2006807.0
69,,352,Czechia（Czech Republic）,1353521.0
69,,412,Chile,191.0
70,,115,Israel,51740.0
70,,117,Jordan,1191.0
70,,121,"Macao,China",240469.0
70,,130,Qatar,1994.0
70,,131,Saudi Arabia,12244.0
70,,134,Sri Lanka,8268.0
70,,215,Egypt,174253.0
70,,232,Morocco,500.0
70,,302,Denmark,1623559.0
70,,308,Luxembourg,547837.0
70,,311,Portugal,117284.0
70,,328,Romania,131313.0
70,,330,Sweden,2547178.0
70,,331,Switzerland,1503544.0
70,,334,Estonia,3160.0
70,,335,Latvia,189045.0
70,,343,Moldova,6.0
70,,347,Ukraine,71925.0
70,,352,Czechia（Czech Republic）,2730376.0
70,,353,Slovakia,164945.0
70,,355,Bosnia and Herzegovina,241.0
70,,412,Chile,607.0
70,,413,Colombia,3203.0
70,,434,Peru,73243.0
70,,609,New Zealand,1167870.0
71,,106,Myanmar,16450847.0
71,,107,Cambodia,6394.0
71,,115,Israel,27033897.0
71,,134,Sri Lanka,447045.0
71,,146,Kyrgyzstan,39540.0
71,,228,Malawi,36000.0
71,,232,Morocco,25300.0
71,,236,Nigeria,27163.0
71,,238,Rwanda,109004.0
71,,247,Tanzania,63507.0
71,,253,Zambia,31302.0
71,,302,Denmark,459157.0
71,,311,Portugal,26194.0
71,,328,Romania,186672.0
71,,330,Sweden,16706.0
71,,331,Switzerland,2601142451.0
71,,352,Czechia（Czech Republic）,25737.0
71,,402,Argentina,64.0
71,,412,Chile,92.0
71,,413,Colombia,75.0
71,,419,Ecuador,392.0
71,,423,Guatemala,12995.0
71,,434,Peru,110.0
71,,609,New Zealand,151.0
71,,623,French Polynesia,277462.0
72,,105,Brunei,150.0
72,,106,Myanmar,15984235.0
72,,130,Qatar,3342.0
72,,131,Saudi Arabia,16018.0
72,,134,Sri Lanka,102.0
72,,302,Denmark,418527.0
72,,308,Luxembourg,3654726.0
72,,311,Portugal,64264.0
72,,328,Romania,205322.0
72,,330,Sweden,48782296.0
72,,331,Switzerland,2009052.0
72,,347,Ukraine,40396.0
72,,352,Czechia（Czech Republic）,715325.0
72,,353,Slovakia,148626.0
72,,354,North Macedonia,5841989.0
72,,402,Argentina,33420.0
72,,413,Colombia,11584251.0
72,,418,Dominican Republic,4305170.0
72,,423,Guatemala,509567.0
72,,609,New Zealand,83900.0
73,,101,Afghanistan,599.0
73,,107,Cambodia,15758.0
73,,115,Israel,936682.0
73,,117,Jordan,95.0
73,,121,"Macao,China",48.0
73,,130,Qatar,11.0
73,,131,Saudi Arabia,10432.0
73,,134,Sri Lanka,12712.0
73,,214,Djibouti,2.0
73,,215,Egypt,223.0
73,,232,Morocco,5569.0
73,,302,Denmark,3239520.0
73,,308,Luxembourg,335169.0
73,,311,Portugal,606409.0
73,,322,Iceland,22.0
73,,323,Liechtenstein,247395.0
73,,325,Monaco,5.0
73,,328,Romania,1470975.0
73,,330,Sweden,7430312.0
73,,331,Switzerland,9262314.0
73,,334,Estonia,52682.0
73,,335,Latvia,8343.0
73,,347,Ukraine,38142.0
73,,352,Czechia（Czech Republic）,4334661.0
73,,353,Slovakia,1043702.0
73,,354,North Macedonia,83.0
73,,355,Bosnia and Herzegovina,52677.0
73,,402,Argentina,287835.0
73,,412,Chile,602.0
73,,413,Colombia,3889.0
73,,418,Dominican Republic,9119.0
73,,419,Ecuador,70.0
73,,609,New Zealand,191426.0
74,,106,Myanmar,21979301.0
74,,115,Israel,2045370.0
74,,117,Jordan,451217.0
74,,121,"Macao,China",7160264.0
74,,130,Qatar,1712081.0
74,,131,Saudi Arabia,7017787.0
74,,134,Sri Lanka,27297.0
74,,215,Egypt,748587.0
74,,226,Libya,108378.0
74,,232,Morocco,147611.0
74,,236,Nigeria,712300.0
74,,247,Tanzania,3096252.0
74,,253,Zambia,239573335.0
74,,302,Denmark,1113437.0
74,,308,Luxembourg,3796206.0
74,,311,Portugal,2532911.0
74,,322,Iceland,54.0
74,,323,Liechtenstein,5780.0
74,,328,Romania,3699654.0
74,,330,Sweden,958752.0
74,,331,Switzerland,1247666.0
74,,334,Estonia,2724625.0
74,,335,Latvia,1678309.0
74,,347,Ukraine,1571813.0
74,,352,Czechia（Czech Republic）,2209991.0
74,,353,Slovakia,472373.0
74,,355,Bosnia and Herzegovina,1981.0
74,,402,Argentina,97052.0
74,,412,Chile,539395944.0
74,,413,Colombia,9728990.0
74,,416,Cuba,478075.0
74,,418,Dominican Republic,1446665.0
74,,419,Ecuador,2443442.0
74,,423,Guatemala,947812.0
74,,426,Honduras,578184.0
74,,432,Panama,827708.0
74,,433,Paraguay,1448060.0
74,,434,Peru,107262602.0
74,,445,Venezuela,1306637.0
74,,609,New Zealand,2298644.0
75,,115,Israel,43037.0
75,,308,Luxembourg,980.0
75,,330,Sweden,1449052.0
75,,331,Switzerland,126844.0
75,,352,Czechia（Czech Republic）,46674.0
75,,416,Cuba,12446709.0
75,,611,Papua New Guinea,18044099.0
76,,107,Cambodia,45901.0
76,,115,Israel,81143.0
76,,121,"Macao,China",147745.0
76,,131,Saudi Arabia,20988.0
76,,134,Sri Lanka,346.0
76,,146,Kyrgyzstan,20.0
76,,215,Egypt,1624.0
76,,236,Nigeria,131569.0
76,,302,Denmark,827999.0
76,,311,Portugal,14940.0
76,,322,Iceland,584058.0
76,,328,Romania,229047.0
76,,330,Sweden,2820338.0
76,,331,Switzerland,2134922.0
76,,334,Estonia,8301.0
76,,335,Latvia,1597.0
76,,347,Ukraine,4969.0
76,,352,Czechia（Czech Republic）,148397.0
76,,353,Slovakia,180844.0
76,,412,Chile,5078.0
76,,413,Colombia,168296.0
76,,609,New Zealand,3225509.0
78,,228,Malawi,111582.0
78,,236,Nigeria,278008.0
78,,328,Romania,7320.0
79,,106,Myanmar,1877258.0
79,,236,Nigeria,47610.0
79,,302,Denmark,30689.0
79,,323,Liechtenstein,4155.0
79,,330,Sweden,1456.0
79,,331,Switzerland,395657.0
79,,352,Czechia（Czech Republic）,41467.0
79,,434,Peru,778738.0
80,,107,Cambodia,755.0
80,,215,Egypt,1920.0
80,,328,Romania,143989.0
80,,331,Switzerland,3540.0
81,,115,Israel,4061075.0
81,,134,Sri Lanka,383.0
81,,232,Morocco,512438.0
81,,253,Zambia,5733114.0
81,,302,Denmark,2834.0
81,,308,Luxembourg,13454.0
81,,323,Liechtenstein,11992.0
81,,330,Sweden,372864.0
81,,331,Switzerland,111646.0
81,,347,Ukraine,1203854.0
81,,352,Czechia（Czech Republic）,15148.0
81,,434,Peru,27012.0
82,,101,Afghanistan,158.0
82,,103,Bangladesh,6000.0
82,,115,Israel,6423004.0
82,,131,Saudi Arabia,23967.0
82,,134,Sri Lanka,185.0
82,,215,Egypt,7669.0
82,,302,Denmark,612788.0
82,,308,Luxembourg,1318270.0
82,,311,Portugal,199987.0
82,,323,Liechtenstein,13341.0
82,,328,Romania,24888.0
82,,329,San Marino,3260.0
82,,330,Sweden,15142737.0
82,,331,Switzerland,6239733.0
82,,334,Estonia,5257.0
82,,343,Moldova,5.0
82,,352,Czechia（Czech Republic）,1257284.0
82,,353,Slovakia,126103.0
82,,355,Bosnia and Herzegovina,70.0
82,,402,Argentina,721.0
82,,412,Chile,152.0
82,,413,Colombia,4246.0
82,,609,New Zealand,10927.0
83,,103,Bangladesh,3393.0
83,,106,Myanmar,420.0
83,,107,Cambodia,20994.0
83,,115,Israel,59962.0
83,,121,"Macao,China",782.0
83,,130,Qatar,426.0
83,,134,Sri Lanka,12360.0
83,,229,Mali,353.0
83,,232,Morocco,2000.0
83,,302,Denmark,1730758.0
83,,308,Luxembourg,854.0
83,,311,Portugal,465624.0
83,,325,Monaco,1542.0
83,,328,Romania,966276.0
83,,330,Sweden,570995.0
83,,331,Switzerland,336316.0
83,,334,Estonia,755.0
83,,347,Ukraine,13007.0
83,,352,Czechia（Czech Republic）,4144702.0
83,,353,Slovakia,242755.0
83,,355,Bosnia and Herzegovina,84362.0
83,,413,Colombia,36.0
83,,418,Dominican Republic,15989.0
83,,419,Ecuador,1969.0
83,,609,New Zealand,10784.0
84,,101,Afghanistan,186.0
84,,103,Bangladesh,48919.0
84,,106,Myanmar,610095.0
84,,107,Cambodia,507493.0
84,,115,Israel,34892836.0
84,,117,Jordan,5185.0
84,,130,Qatar,257.0
84,,131,Saudi Arabia,6118123.0
84,,134,Sri Lanka,119652.0
84,,201,Algeria,6179.0
84,,215,Egypt,232949.0
84,,232,Morocco,237166.0
84,,236,Nigeria,1027.0
84,,257,Swaziland,12098.0
84,,302,Denmark,68763276.0
84,,308,Luxembourg,3465917.0
84,,311,Portugal,10417971.0
84,,323,Liechtenstein,359987.0
84,,325,Monaco,41326.0
84,,328,Romania,29385818.0
84,,329,San Marino,249592.0
84,,330,Sweden,175238962.0
84,,331,Switzerland,202466724.0
84,,334,Estonia,685269.0
84,,335,Latvia,815645.0
84,,343,Moldova,248.0
84,,347,Ukraine,1149762.0
84,,352,Czechia（Czech Republic）,72173418.0
84,,353,Slovakia,32892843.0
84,,354,North Macedonia,6947.0
84,,355,Bosnia and Herzegovina,252435.0
84,,402,Argentina,328242.0
84,,412,Chile,49706.0
84,,413,Colombia,5766.0
84,,418,Dominican Republic,24855.0
84,,419,Ecuador,3523.0
84,,426,Honduras,72.0
84,,432,Panama,66165.0
84,,433,Paraguay,341.0
84,,434,Peru,37696.0
84,,445,Venezuela,2225.0
84,,609,New Zealand,2121093.0
85,,101,Afghanistan,9101.0
85,,103,Bangladesh,402901.0
85,,105,Brunei,1000.0
85,,106,Myanmar,2105932.0
85,,107,Cambodia,7689421.0
85,,115,Israel,198533455.0
85,,117,Jordan,47199.0
85,,121,"Macao,China",26580.0
85,,130,Qatar,1710.0
85,,131,Saudi Arabia,7498.0
85,,134,Sri Lanka,3226968.0
85,,144,Timor-Leste,1840.0
85,,146,Kyrgyzstan,17.0
85,,201,Algeria,1412.0
85,,215,Egypt,187172.0
85,,229,Mali,4923.0
85,,232,Morocco,19565707.0
85,,236,Nigeria,505.0
85,,246,Sudan,11.0
85,,248,Togo,258.0
85,,253,Zambia,2017.0
85,,257,Swaziland,9111.0
85,,302,Denmark,27406820.0
85,,308,Luxembourg,2544906.0
85,,311,Portugal,59635125.0
85,,322,Iceland,130356.0
85,,323,Liechtenstein,2783249.0
85,,325,Monaco,51342.0
85,,328,Romania,35249263.0
85,,329,San Marino,1743.0
85,,330,Sweden,107776390.0
85,,331,Switzerland,82157845.0
85,,334,Estonia,5923674.0
85,,335,Latvia,874530.0
85,,343,Moldova,216766.0
85,,347,Ukraine,2255345.0
85,,352,Czechia（Czech Republic）,91049576.0
85,,353,Slovakia,23315894.0
85,,354,North Macedonia,1017746.0
85,,355,Bosnia and Herzegovina,90795.0
85,,402,Argentina,4372.0
85,,411,Cayman Islands,1584.0
85,,412,Chile,248577.0
85,,413,Colombia,7697.0
85,,418,Dominican Republic,744758.0
85,,419,Ecuador,8375.0
85,,426,Honduras,484472.0
85,,432,Panama,12496.0
85,,434,Peru,14913.0
85,,445,Venezuela,1040.0
85,,447,Saint Kitts and Nevis,5128.0
85,,504,Bermuda,2907.0
85,,602,Cook Islands,44958.0
85,,606,Nauru,793.0
85,,609,New Zealand,2578446.0
85,,611,Papua New Guinea,122.0
86,,302,Denmark,177.0
86,,330,Sweden,1357337.0
86,,331,Switzerland,448932.0
86,,352,Czechia（Czech Republic）,3359412.0
86,,609,New Zealand,1395.0
87,,107,Cambodia,131289.0
87,,115,Israel,206495.0
87,,117,Jordan,67044.0
87,,131,Saudi Arabia,1945.0
87,,134,Sri Lanka,14839.0
87,,215,Egypt,23887.0
87,,232,Morocco,54132.0
87,,236,Nigeria,375.0
87,,257,Swaziland,60.0
87,,302,Denmark,611960.0
87,,308,Luxembourg,18794.0
87,,311,Portugal,23817870.0
87,,323,Liechtenstein,3036781.0
87,,325,Monaco,5185.0
87,,328,Romania,11239428.0
87,,330,Sweden,88560394.0
87,,331,Switzerland,3988345.0
87,,334,Estonia,971523.0
87,,347,Ukraine,2.0
87,,352,Czechia（Czech Republic）,40943194.0
87,,353,Slovakia,144898019.0
87,,354,North Macedonia,754018.0
87,,355,Bosnia and Herzegovina,205686.0
87,,402,Argentina,93257.0
87,,412,Chile,442.0
87,,413,Colombia,2412.0
87,,418,Dominican Republic,2095.0
87,,419,Ecuador,965.0
87,,426,Honduras,5084.0
87,,606,Nauru,4369.0
87,,609,New Zealand,32786.0
88,,115,Israel,1943.0
88,,134,Sri Lanka,31715.0
88,,232,Morocco,346577.0
88,,308,Luxembourg,388373.0
88,,328,Romania,34524.0
88,,330,Sweden,2477.0
88,,331,Switzerland,97579.0
88,,334,Estonia,257.0
88,,347,Ukraine,69210.0
88,,352,Czechia（Czech Republic）,448590.0
88,,609,New Zealand,22941.0
89,,311,Portugal,3365.0
89,,328,Romania,3902971.0
89,,347,Ukraine,33000.0
89,,352,Czechia（Czech Republic）,27576.0
89,,353,Slovakia,12801.0
90,,103,Bangladesh,1951937.0
90,,106,Myanmar,3556133.0
90,,107,Cambodia,6688301.0
90,,114,Iraq,11451.0
90,,115,Israel,74778042.0
90,,117,Jordan,4271.0
90,,130,Qatar,15272.0
90,,131,Saudi Arabia,4626.0
90,,134,Sri Lanka,794261.0
90,,214,Djibouti,26.0
90,,215,Egypt,153762.0
90,,229,Mali,11.0
90,,232,Morocco,5695.0
90,,257,Swaziland,784.0
90,,302,Denmark,29737280.0
90,,308,Luxembourg,1052293.0
90,,311,Portugal,1251684.0
90,,322,Iceland,174473.0
90,,323,Liechtenstein,1836572.0
90,,325,Monaco,544.0
90,,328,Romania,15428386.0
90,,329,San Marino,2173.0
90,,330,Sweden,41837847.0
90,,331,Switzerland,120290671.0
90,,334,Estonia,1383232.0
90,,335,Latvia,157308.0
90,,343,Moldova,6783.0
90,,347,Ukraine,1275003.0
90,,352,Czechia（Czech Republic）,18419903.0
90,,353,Slovakia,2519089.0
90,,354,North Macedonia,1628.0
90,,402,Argentina,163453.0
90,,412,Chile,50.0
90,,413,Colombia,2859.0
90,,418,Dominican Republic,2785666.0
90,,432,Panama,641.0
90,,434,Peru,665.0
90,,447,Saint Kitts and Nevis,31040.0
90,,609,New Zealand,1127312.0
91,,106,Myanmar,269635.0
91,,107,Cambodia,58608.0
91,,253,Zambia,535.0
91,,302,Denmark,26082.0
91,,311,Portugal,84062.0
91,,330,Sweden,194548.0
91,,331,Switzerland,149080646.0
91,,352,Czechia（Czech Republic）,5680.0
91,,413,Colombia,412.0
92,,229,Mali,3393.0
92,,302,Denmark,271.0
92,,330,Sweden,96665.0
92,,331,Switzerland,117.0
92,,352,Czechia（Czech Republic）,70309.0
94,,101,Afghanistan,100.0
94,,103,Bangladesh,142436.0
94,,105,Brunei,10062.0
94,,106,Myanmar,9937.0
94,,107,Cambodia,325.0
94,,115,Israel,197664.0
94,,121,"Macao,China",7092.0
94,,130,Qatar,18618.0
94,,131,Saudi Arabia,159.0
94,,134,Sri Lanka,52800.0
94,,215,Egypt,315888.0
94,,232,Morocco,8327.0
94,,247,Tanzania,3875.0
94,,302,Denmark,2370955.0
94,,311,Portugal,1713403.0
94,,328,Romania,1999254.0
94,,329,San Marino,46410.0
94,,330,Sweden,2502416.0
94,,331,Switzerland,573038.0
94,,334,Estonia,431955.0
94,,335,Latvia,263634.0
94,,347,Ukraine,39236.0
94,,352,Czechia（Czech Republic）,6511546.0
94,,353,Slovakia,2622026.0
94,,354,North Macedonia,129.0
94,,355,Bosnia and Herzegovina,580774.0
94,,412,Chile,1743.0
94,,426,Honduras,29492.0
94,,434,Peru,85.0
94,,445,Venezuela,210.0
94,,609,New Zealand,1177438.0
94,,611,Papua New Guinea,299.0
95,,103,Bangladesh,14648.0
95,,106,Myanmar,16537.0
95,,107,Cambodia,96382.0
95,,131,Saudi Arabia,1338.0
95,,134,Sri Lanka,44192.0
95,,302,Denmark,1869050.0
95,,311,Portugal,7163.0
95,,323,Liechtenstein,1817616.0
95,,328,Romania,234198.0
95,,330,Sweden,286470.0
95,,331,Switzerland,5485385.0
95,,334,Estonia,18438.0
95,,335,Latvia,4527.0
95,,347,Ukraine,226384.0
95,,352,Czechia（Czech Republic）,1162162.0
95,,353,Slovakia,863200.0
95,,402,Argentina,840.0
95,,432,Panama,2288.0
95,,433,Paraguay,189.0
95,,434,Peru,8101.0
95,,609,New Zealand,50155.0
96,,103,Bangladesh,83359.0
96,,106,Myanmar,51888.0
96,,107,Cambodia,11685.0
96,,115,Israel,40946.0
96,,121,"Macao,China",595.0
96,,134,Sri Lanka,35679.0
96,,215,Egypt,18235.0
96,,232,Morocco,270.0
96,,302,Denmark,292867.0
96,,311,Portugal,25143.0
96,,328,Romania,8207.0
96,,330,Sweden,136138.0
96,,331,Switzerland,1008232.0
96,,334,Estonia,500.0
96,,352,Czechia（Czech Republic）,657769.0
96,,353,Slovakia,167707.0
96,,402,Argentina,45.0
96,,412,Chile,1642.0
96,,413,Colombia,90.0
96,,419,Ecuador,310371.0
96,,432,Panama,603.0
96,,603,Fiji,4133.0
96,,609,New Zealand,34.0
97,,115,Israel,59121.0
97,,302,Denmark,10182.0
97,,311,Portugal,403.0
97,,331,Switzerland,3698.0
97,,609,New Zealand,4502.0
98,,101,Afghanistan,3013.0
98,,103,Bangladesh,176756.0
98,,105,Brunei,780.0
98,,106,Myanmar,73836939.0
98,,107,Cambodia,425107.0
98,,114,Iraq,8246.0
98,,115,Israel,393711.0
98,,117,Jordan,10221.0
98,,121,"Macao,China",84330.0
98,,128,Palestine,569.0
98,,130,Qatar,4196.0
98,,131,Saudi Arabia,38573.0
98,,134,Sri Lanka,58233.0
98,,146,Kyrgyzstan,373.0
98,,201,Algeria,6955.0
98,,214,Djibouti,907.0
98,,215,Egypt,20870.0
98,,226,Libya,1549.0
98,,228,Malawi,310.0
98,,229,Mali,8074.0
98,,232,Morocco,40190.0
98,,236,Nigeria,12565.0
98,,238,Rwanda,179.0
98,,246,Sudan,700.0
98,,247,Tanzania,4693.0
98,,248,Togo,1312.0
98,,251,Burkina Faso,416.0
98,,253,Zambia,2980.0
98,,257,Swaziland,429.0
98,,302,Denmark,888066.0
98,,308,Luxembourg,26644.0
98,,311,Portugal,451945.0
98,,322,Iceland,3516.0
98,,323,Liechtenstein,2774.0
98,,325,Monaco,39058.0
98,,328,Romania,168684.0
98,,329,San Marino,217.0
98,,330,Sweden,1486739.0
98,,331,Switzerland,1241563.0
98,,334,Estonia,15568.0
98,,335,Latvia,12854.0
98,,343,Moldova,1611.0
98,,347,Ukraine,32611.0
98,,352,Czechia（Czech Republic）,180256.0
98,,353,Slovakia,26276.0
98,,354,North Macedonia,1963.0
98,,355,Bosnia and Herzegovina,3180.0
98,,402,Argentina,86153.0
98,,411,Cayman Islands,241.0
98,,412,Chile,79037.0
98,,413,Colombia,35335.0
98,,416,Cuba,1602.0
98,,418,Dominican Republic,59558.0
98,,419,Ecuador,14509.0
98,,423,Guatemala,7265.0
98,,426,Honduras,7246.0
98,,432,Panama,12502.0
98,,433,Paraguay,1842.0
98,,434,Peru,71365.0
98,,438,Saint Martin (French Part),121.0
98,,439,Saint Vincent and the Grenadines,32516.0
98,,445,Venezuela,5142.0
98,,447,Saint Kitts and Nevis,108.0
98,,504,Bermuda,59.0
98,,602,Cook Islands,43.0
98,,603,Fiji,3252.0
98,,606,Nauru,4256.0
98,,608,Vanuatu,75.0
98,,609,New Zealand,3313537.0
98,,611,Papua New Guinea,833.0
98,,613,Solomon Islands,266.0
98,,623,French Polynesia,110.0
