数据年月,商品编码,商品名称,贸易伙伴编码,贸易伙伴名称,美元
202502,1,第1章   活动物,110,中国香港,34753572.0
202502,1,第1章   活动物,111,印度,52420.0
202502,1,第1章   活动物,112,印度尼西亚,13224.0
202502,1,第1章   活动物,116,日本,492757.0
202502,1,第1章   活动物,119,老挝,1456.0
202502,1,第1章   活动物,120,黎巴嫩,14104.0
202502,1,第1章   活动物,122,马来西亚,25798.0
202502,1,第1章   活动物,125,尼泊尔,3600.0
202502,1,第1章   活动物,132,新加坡,43086.0
202502,1,第1章   活动物,133,韩国,323075.0
202502,1,第1章   活动物,136,泰国,7554.0
202502,1,第1章   活动物,141,越南,509522.0
202502,1,第1章   活动物,143,中国台湾,3975.0
202502,1,第1章   活动物,303,英国,23262.0
202502,1,第1章   活动物,304,德国,47840.0
202502,1,第1章   活动物,344,俄罗斯,7397.0
202502,1,第1章   活动物,502,美国,1387200.0
202502,2,第2章   肉及食用杂碎,102,巴林,1117046.0
202502,2,第2章   肉及食用杂碎,110,中国香港,43431744.0
202502,2,第2章   肉及食用杂碎,112,印度尼西亚,21870.0
202502,2,第2章   肉及食用杂碎,116,日本,577351.0
202502,2,第2章   肉及食用杂碎,119,老挝,543949.0
202502,2,第2章   肉及食用杂碎,120,黎巴嫩,123739.0
202502,2,第2章   肉及食用杂碎,122,马来西亚,5054360.0
202502,2,第2章   肉及食用杂碎,132,新加坡,332784.0
202502,2,第2章   肉及食用杂碎,141,越南,204160.0
202502,2,第2章   肉及食用杂碎,145,哈萨克斯坦,130200.0
202502,2,第2章   肉及食用杂碎,150,格鲁吉亚,2206109.0
202502,2,第2章   肉及食用杂碎,151,亚美尼亚,146455.0
202502,2,第2章   肉及食用杂碎,202,安哥拉,958606.0
202502,2,第2章   肉及食用杂碎,218,加蓬,38340.0
202502,2,第2章   肉及食用杂碎,230,毛里塔尼亚,40497.0
202502,2,第2章   肉及食用杂碎,242,塞拉利昂,74104.0
202502,2,第2章   肉及食用杂碎,243,索马里,30999.0
202502,2,第2章   肉及食用杂碎,304,德国,148158.0
202502,2,第2章   肉及食用杂碎,344,俄罗斯,4734069.0
202502,2,第2章   肉及食用杂碎,502,美国,89709.0
202502,3,第3章   鱼、甲壳动物、软体动物及其他水生无脊椎动物,110,中国香港,50929874.0
202502,3,第3章   鱼、甲壳动物、软体动物及其他水生无脊椎动物,111,印度,6134.0
202502,3,第3章   鱼、甲壳动物、软体动物及其他水生无脊椎动物,112,印度尼西亚,13467624.0
202502,3,第3章   鱼、甲壳动物、软体动物及其他水生无脊椎动物,116,日本,62377529.0
202502,3,第3章   鱼、甲壳动物、软体动物及其他水生无脊椎动物,119,老挝,36376.0
202502,3,第3章   鱼、甲壳动物、软体动物及其他水生无脊椎动物,122,马来西亚,11587830.0
202502,3,第3章   鱼、甲壳动物、软体动物及其他水生无脊椎动物,132,新加坡,2011991.0
202502,3,第3章   鱼、甲壳动物、软体动物及其他水生无脊椎动物,133,韩国,64021598.0
202502,3,第3章   鱼、甲壳动物、软体动物及其他水生无脊椎动物,136,泰国,22299419.0
202502,3,第3章   鱼、甲壳动物、软体动物及其他水生无脊椎动物,141,越南,26421896.0
202502,3,第3章   鱼、甲壳动物、软体动物及其他水生无脊椎动物,143,中国台湾,34457045.0
202502,3,第3章   鱼、甲壳动物、软体动物及其他水生无脊椎动物,145,哈萨克斯坦,385140.0
202502,3,第3章   鱼、甲壳动物、软体动物及其他水生无脊椎动物,150,格鲁吉亚,238920.0
202502,3,第3章   鱼、甲壳动物、软体动物及其他水生无脊椎动物,202,安哥拉,282320.0
202502,3,第3章   鱼、甲壳动物、软体动物及其他水生无脊椎动物,205,布隆迪,92340.0
202502,3,第3章   鱼、甲壳动物、软体动物及其他水生无脊椎动物,206,喀麦隆,750534.0
202502,3,第3章   鱼、甲壳动物、软体动物及其他水生无脊椎动物,212,科摩罗,39840.0
202502,3,第3章   鱼、甲壳动物、软体动物及其他水生无脊椎动物,218,加蓬,715772.0
202502,3,第3章   鱼、甲壳动物、软体动物及其他水生无脊椎动物,221,几内亚,685052.0
202502,3,第3章   鱼、甲壳动物、软体动物及其他水生无脊椎动物,223,科特迪瓦,13943919.0
202502,3,第3章   鱼、甲壳动物、软体动物及其他水生无脊椎动物,231,毛里求斯,465665.0
202502,3,第3章   鱼、甲壳动物、软体动物及其他水生无脊椎动物,234,纳米比亚,207311.0
202502,3,第3章   鱼、甲壳动物、软体动物及其他水生无脊椎动物,237,留尼汪,90067.0
202502,3,第3章   鱼、甲壳动物、软体动物及其他水生无脊椎动物,240,塞内加尔,2371690.0
202502,3,第3章   鱼、甲壳动物、软体动物及其他水生无脊椎动物,243,索马里,96050.0
202502,3,第3章   鱼、甲壳动物、软体动物及其他水生无脊椎动物,249,突尼斯,1280255.0
202502,3,第3章   鱼、甲壳动物、软体动物及其他水生无脊椎动物,259,马约特,101290.0
202502,3,第3章   鱼、甲壳动物、软体动物及其他水生无脊椎动物,303,英国,10741134.0
202502,3,第3章   鱼、甲壳动物、软体动物及其他水生无脊椎动物,304,德国,5181673.0
202502,3,第3章   鱼、甲壳动物、软体动物及其他水生无脊椎动物,344,俄罗斯,10633336.0
202502,3,第3章   鱼、甲壳动物、软体动物及其他水生无脊椎动物,401,安提瓜和巴布达,81200.0
202502,3,第3章   鱼、甲壳动物、软体动物及其他水生无脊椎动物,425,海地,401696.0
202502,3,第3章   鱼、甲壳动物、软体动物及其他水生无脊椎动物,441,苏里南,254042.0
202502,3,第3章   鱼、甲壳动物、软体动物及其他水生无脊椎动物,502,美国,20494914.0
202502,3,第3章   鱼、甲壳动物、软体动物及其他水生无脊椎动物,601,澳大利亚,3057492.0
202502,4,第4章   乳品；蛋品；天然蜂蜜；其他食用动物产品,102,巴林,1414720.0
202502,4,第4章   乳品；蛋品；天然蜂蜜；其他食用动物产品,110,中国香港,18416041.0
202502,4,第4章   乳品；蛋品；天然蜂蜜；其他食用动物产品,111,印度,251700.0
202502,4,第4章   乳品；蛋品；天然蜂蜜；其他食用动物产品,112,印度尼西亚,24005.0
202502,4,第4章   乳品；蛋品；天然蜂蜜；其他食用动物产品,113,伊朗,27424.0
202502,4,第4章   乳品；蛋品；天然蜂蜜；其他食用动物产品,116,日本,4652179.0
202502,4,第4章   乳品；蛋品；天然蜂蜜；其他食用动物产品,120,黎巴嫩,5494.0
202502,4,第4章   乳品；蛋品；天然蜂蜜；其他食用动物产品,122,马来西亚,269533.0
202502,4,第4章   乳品；蛋品；天然蜂蜜；其他食用动物产品,126,阿曼,269879.0
202502,4,第4章   乳品；蛋品；天然蜂蜜；其他食用动物产品,132,新加坡,2113292.0
202502,4,第4章   乳品；蛋品；天然蜂蜜；其他食用动物产品,133,韩国,543135.0
202502,4,第4章   乳品；蛋品；天然蜂蜜；其他食用动物产品,136,泰国,881400.0
202502,4,第4章   乳品；蛋品；天然蜂蜜；其他食用动物产品,139,也门,3062.0
202502,4,第4章   乳品；蛋品；天然蜂蜜；其他食用动物产品,141,越南,242725.0
202502,4,第4章   乳品；蛋品；天然蜂蜜；其他食用动物产品,231,毛里求斯,27840.0
202502,4,第4章   乳品；蛋品；天然蜂蜜；其他食用动物产品,303,英国,4007253.0
202502,4,第4章   乳品；蛋品；天然蜂蜜；其他食用动物产品,304,德国,340038.0
202502,4,第4章   乳品；蛋品；天然蜂蜜；其他食用动物产品,351,克罗地亚,45077.0
202502,4,第4章   乳品；蛋品；天然蜂蜜；其他食用动物产品,502,美国,1870376.0
202502,4,第4章   乳品；蛋品；天然蜂蜜；其他食用动物产品,601,澳大利亚,870239.0
202502,5,第5章   其他动物产品,110,中国香港,347505.0
202502,5,第5章   其他动物产品,111,印度,693274.0
202502,5,第5章   其他动物产品,112,印度尼西亚,2027934.0
202502,5,第5章   其他动物产品,116,日本,5750590.0
202502,5,第5章   其他动物产品,119,老挝,29489.0
202502,5,第5章   其他动物产品,122,马来西亚,340687.0
202502,5,第5章   其他动物产品,132,新加坡,8436.0
202502,5,第5章   其他动物产品,133,韩国,1916062.0
202502,5,第5章   其他动物产品,136,泰国,2815872.0
202502,5,第5章   其他动物产品,141,越南,24146248.0
202502,5,第5章   其他动物产品,143,中国台湾,1176167.0
202502,5,第5章   其他动物产品,217,埃塞俄比亚,107985.0
202502,5,第5章   其他动物产品,303,英国,1380931.0
202502,5,第5章   其他动物产品,304,德国,15201062.0
202502,5,第5章   其他动物产品,502,美国,10985019.0
202502,5,第5章   其他动物产品,601,澳大利亚,104803.0
202502,6,第6章   活树及其他活植物；鳞茎、根及类似品；插花及装饰用簇叶,102,巴林,15521.0
202502,6,第6章   活树及其他活植物；鳞茎、根及类似品；插花及装饰用簇叶,110,中国香港,859722.0
202502,6,第6章   活树及其他活植物；鳞茎、根及类似品；插花及装饰用簇叶,111,印度,702796.0
202502,6,第6章   活树及其他活植物；鳞茎、根及类似品；插花及装饰用簇叶,112,印度尼西亚,95288.0
202502,6,第6章   活树及其他活植物；鳞茎、根及类似品；插花及装饰用簇叶,113,伊朗,49865.0
202502,6,第6章   活树及其他活植物；鳞茎、根及类似品；插花及装饰用簇叶,116,日本,7932936.0
202502,6,第6章   活树及其他活植物；鳞茎、根及类似品；插花及装饰用簇叶,119,老挝,227272.0
202502,6,第6章   活树及其他活植物；鳞茎、根及类似品；插花及装饰用簇叶,122,马来西亚,999299.0
202502,6,第6章   活树及其他活植物；鳞茎、根及类似品；插花及装饰用簇叶,126,阿曼,59078.0
202502,6,第6章   活树及其他活植物；鳞茎、根及类似品；插花及装饰用簇叶,132,新加坡,1481947.0
202502,6,第6章   活树及其他活植物；鳞茎、根及类似品；插花及装饰用簇叶,133,韩国,4959357.0
202502,6,第6章   活树及其他活植物；鳞茎、根及类似品；插花及装饰用簇叶,136,泰国,3065858.0
202502,6,第6章   活树及其他活植物；鳞茎、根及类似品；插花及装饰用簇叶,141,越南,4460147.0
202502,6,第6章   活树及其他活植物；鳞茎、根及类似品；插花及装饰用簇叶,143,中国台湾,118949.0
202502,6,第6章   活树及其他活植物；鳞茎、根及类似品；插花及装饰用簇叶,145,哈萨克斯坦,6886443.0
202502,6,第6章   活树及其他活植物；鳞茎、根及类似品；插花及装饰用簇叶,149,乌兹别克斯坦,449322.0
202502,6,第6章   活树及其他活植物；鳞茎、根及类似品；插花及装饰用簇叶,151,亚美尼亚,302740.0
202502,6,第6章   活树及其他活植物；鳞茎、根及类似品；插花及装饰用簇叶,152,阿塞拜疆,3222.0
202502,6,第6章   活树及其他活植物；鳞茎、根及类似品；插花及装饰用簇叶,234,纳米比亚,783.0
202502,6,第6章   活树及其他活植物；鳞茎、根及类似品；插花及装饰用簇叶,303,英国,88401.0
202502,6,第6章   活树及其他活植物；鳞茎、根及类似品；插花及装饰用簇叶,304,德国,483115.0
202502,6,第6章   活树及其他活植物；鳞茎、根及类似品；插花及装饰用簇叶,344,俄罗斯,1644721.0
202502,6,第6章   活树及其他活植物；鳞茎、根及类似品；插花及装饰用簇叶,420,法属圭亚那,9.0
202502,6,第6章   活树及其他活植物；鳞茎、根及类似品；插花及装饰用簇叶,441,苏里南,8648.0
202502,6,第6章   活树及其他活植物；鳞茎、根及类似品；插花及装饰用簇叶,502,美国,4274098.0
202502,6,第6章   活树及其他活植物；鳞茎、根及类似品；插花及装饰用簇叶,601,澳大利亚,950642.0
202502,7,第7章   食用蔬菜、根及块茎,102,巴林,390136.0
202502,7,第7章   食用蔬菜、根及块茎,110,中国香港,123084208.0
202502,7,第7章   食用蔬菜、根及块茎,111,印度,3701127.0
202502,7,第7章   食用蔬菜、根及块茎,112,印度尼西亚,21532303.0
202502,7,第7章   食用蔬菜、根及块茎,116,日本,101778162.0
202502,7,第7章   食用蔬菜、根及块茎,119,老挝,573883.0
202502,7,第7章   食用蔬菜、根及块茎,120,黎巴嫩,475358.0
202502,7,第7章   食用蔬菜、根及块茎,122,马来西亚,50273934.0
202502,7,第7章   食用蔬菜、根及块茎,125,尼泊尔,140590.0
202502,7,第7章   食用蔬菜、根及块茎,126,阿曼,1146553.0
202502,7,第7章   食用蔬菜、根及块茎,132,新加坡,7739654.0
202502,7,第7章   食用蔬菜、根及块茎,133,韩国,36915405.0
202502,7,第7章   食用蔬菜、根及块茎,136,泰国,39249080.0
202502,7,第7章   食用蔬菜、根及块茎,141,越南,71352200.0
202502,7,第7章   食用蔬菜、根及块茎,143,中国台湾,4282033.0
202502,7,第7章   食用蔬菜、根及块茎,145,哈萨克斯坦,866840.0
202502,7,第7章   食用蔬菜、根及块茎,149,乌兹别克斯坦,214376.0
202502,7,第7章   食用蔬菜、根及块茎,150,格鲁吉亚,181334.0
202502,7,第7章   食用蔬菜、根及块茎,152,阿塞拜疆,74778.0
202502,7,第7章   食用蔬菜、根及块茎,202,安哥拉,563838.0
202502,7,第7章   食用蔬菜、根及块茎,206,喀麦隆,337715.0
202502,7,第7章   食用蔬菜、根及块茎,218,加蓬,294253.0
202502,7,第7章   食用蔬菜、根及块茎,221,几内亚,373460.0
202502,7,第7章   食用蔬菜、根及块茎,223,科特迪瓦,2013600.0
202502,7,第7章   食用蔬菜、根及块茎,230,毛里塔尼亚,172050.0
202502,7,第7章   食用蔬菜、根及块茎,231,毛里求斯,55631.0
202502,7,第7章   食用蔬菜、根及块茎,237,留尼汪,222681.0
202502,7,第7章   食用蔬菜、根及块茎,240,塞内加尔,3732627.0
202502,7,第7章   食用蔬菜、根及块茎,243,索马里,280036.0
202502,7,第7章   食用蔬菜、根及块茎,259,马约特,65586.0
202502,7,第7章   食用蔬菜、根及块茎,260,南苏丹,135821.0
202502,7,第7章   食用蔬菜、根及块茎,303,英国,6234202.0
202502,7,第7章   食用蔬菜、根及块茎,304,德国,8563797.0
202502,7,第7章   食用蔬菜、根及块茎,344,俄罗斯,33723422.0
202502,7,第7章   食用蔬菜、根及块茎,351,克罗地亚,174081.0
202502,7,第7章   食用蔬菜、根及块茎,358,塞尔维亚,32387.0
202502,7,第7章   食用蔬菜、根及块茎,424,圭亚那,448714.0
202502,7,第7章   食用蔬菜、根及块茎,425,海地,1285630.0
202502,7,第7章   食用蔬菜、根及块茎,428,马提尼克,50916.0
202502,7,第7章   食用蔬菜、根及块茎,440,萨尔瓦多,257195.0
202502,7,第7章   食用蔬菜、根及块茎,441,苏里南,367142.0
202502,7,第7章   食用蔬菜、根及块茎,502,美国,37612592.0
202502,7,第7章   食用蔬菜、根及块茎,601,澳大利亚,5157781.0
202502,7,第7章   食用蔬菜、根及块茎,607,新喀里多尼亚,14346.0
202502,7,第7章   食用蔬菜、根及块茎,618,基里巴斯,7240.0
202502,8,第8章   食用水果及坚果；甜瓜或柑橘属水果的果皮,102,巴林,65492.0
202502,8,第8章   食用水果及坚果；甜瓜或柑橘属水果的果皮,110,中国香港,37500011.0
202502,8,第8章   食用水果及坚果；甜瓜或柑橘属水果的果皮,111,印度,1871421.0
202502,8,第8章   食用水果及坚果；甜瓜或柑橘属水果的果皮,112,印度尼西亚,39853512.0
202502,8,第8章   食用水果及坚果；甜瓜或柑橘属水果的果皮,113,伊朗,263150.0
202502,8,第8章   食用水果及坚果；甜瓜或柑橘属水果的果皮,116,日本,4940699.0
202502,8,第8章   食用水果及坚果；甜瓜或柑橘属水果的果皮,119,老挝,62410.0
202502,8,第8章   食用水果及坚果；甜瓜或柑橘属水果的果皮,120,黎巴嫩,257903.0
202502,8,第8章   食用水果及坚果；甜瓜或柑橘属水果的果皮,122,马来西亚,16361336.0
202502,8,第8章   食用水果及坚果；甜瓜或柑橘属水果的果皮,125,尼泊尔,8418277.0
202502,8,第8章   食用水果及坚果；甜瓜或柑橘属水果的果皮,126,阿曼,335058.0
202502,8,第8章   食用水果及坚果；甜瓜或柑橘属水果的果皮,132,新加坡,6651691.0
202502,8,第8章   食用水果及坚果；甜瓜或柑橘属水果的果皮,133,韩国,2684406.0
202502,8,第8章   食用水果及坚果；甜瓜或柑橘属水果的果皮,136,泰国,24957243.0
202502,8,第8章   食用水果及坚果；甜瓜或柑橘属水果的果皮,139,也门,22500.0
202502,8,第8章   食用水果及坚果；甜瓜或柑橘属水果的果皮,141,越南,76650270.0
202502,8,第8章   食用水果及坚果；甜瓜或柑橘属水果的果皮,143,中国台湾,2234094.0
202502,8,第8章   食用水果及坚果；甜瓜或柑橘属水果的果皮,145,哈萨克斯坦,4313374.0
202502,8,第8章   食用水果及坚果；甜瓜或柑橘属水果的果皮,148,土库曼斯坦,507339.0
202502,8,第8章   食用水果及坚果；甜瓜或柑橘属水果的果皮,149,乌兹别克斯坦,5836838.0
202502,8,第8章   食用水果及坚果；甜瓜或柑橘属水果的果皮,152,阿塞拜疆,138691.0
202502,8,第8章   食用水果及坚果；甜瓜或柑橘属水果的果皮,202,安哥拉,25387.0
202502,8,第8章   食用水果及坚果；甜瓜或柑橘属水果的果皮,231,毛里求斯,19205.0
202502,8,第8章   食用水果及坚果；甜瓜或柑橘属水果的果皮,303,英国,3614672.0
202502,8,第8章   食用水果及坚果；甜瓜或柑橘属水果的果皮,304,德国,9569223.0
202502,8,第8章   食用水果及坚果；甜瓜或柑橘属水果的果皮,344,俄罗斯,42871819.0
202502,8,第8章   食用水果及坚果；甜瓜或柑橘属水果的果皮,351,克罗地亚,469645.0
202502,8,第8章   食用水果及坚果；甜瓜或柑橘属水果的果皮,358,塞尔维亚,542108.0
202502,8,第8章   食用水果及坚果；甜瓜或柑橘属水果的果皮,502,美国,15368855.0
202502,8,第8章   食用水果及坚果；甜瓜或柑橘属水果的果皮,601,澳大利亚,2581155.0
202502,9,第9章   咖啡、茶、马黛茶及调味香料,102,巴林,77822.0
202502,9,第9章   咖啡、茶、马黛茶及调味香料,110,中国香港,3539076.0
202502,9,第9章   咖啡、茶、马黛茶及调味香料,111,印度,558431.0
202502,9,第9章   咖啡、茶、马黛茶及调味香料,112,印度尼西亚,1924219.0
202502,9,第9章   咖啡、茶、马黛茶及调味香料,113,伊朗,603209.0
202502,9,第9章   咖啡、茶、马黛茶及调味香料,116,日本,11521273.0
202502,9,第9章   咖啡、茶、马黛茶及调味香料,119,老挝,7955.0
202502,9,第9章   咖啡、茶、马黛茶及调味香料,120,黎巴嫩,274049.0
202502,9,第9章   咖啡、茶、马黛茶及调味香料,122,马来西亚,15031903.0
202502,9,第9章   咖啡、茶、马黛茶及调味香料,125,尼泊尔,110312.0
202502,9,第9章   咖啡、茶、马黛茶及调味香料,126,阿曼,372035.0
202502,9,第9章   咖啡、茶、马黛茶及调味香料,132,新加坡,890282.0
202502,9,第9章   咖啡、茶、马黛茶及调味香料,133,韩国,5102720.0
202502,9,第9章   咖啡、茶、马黛茶及调味香料,135,叙利亚,373760.0
202502,9,第9章   咖啡、茶、马黛茶及调味香料,136,泰国,4188898.0
202502,9,第9章   咖啡、茶、马黛茶及调味香料,139,也门,53300.0
202502,9,第9章   咖啡、茶、马黛茶及调味香料,141,越南,11905323.0
202502,9,第9章   咖啡、茶、马黛茶及调味香料,143,中国台湾,1014350.0
202502,9,第9章   咖啡、茶、马黛茶及调味香料,145,哈萨克斯坦,488031.0
202502,9,第9章   咖啡、茶、马黛茶及调味香料,148,土库曼斯坦,81987.0
202502,9,第9章   咖啡、茶、马黛茶及调味香料,149,乌兹别克斯坦,5043949.0
202502,9,第9章   咖啡、茶、马黛茶及调味香料,150,格鲁吉亚,50096.0
202502,9,第9章   咖啡、茶、马黛茶及调味香料,151,亚美尼亚,54460.0
202502,9,第9章   咖啡、茶、马黛茶及调味香料,202,安哥拉,16500.0
202502,9,第9章   咖啡、茶、马黛茶及调味香料,206,喀麦隆,176608.0
202502,9,第9章   咖啡、茶、马黛茶及调味香料,217,埃塞俄比亚,53878.0
202502,9,第9章   咖啡、茶、马黛茶及调味香料,221,几内亚,1195810.0
202502,9,第9章   咖啡、茶、马黛茶及调味香料,223,科特迪瓦,2415328.0
202502,9,第9章   咖啡、茶、马黛茶及调味香料,225,利比里亚,274744.0
202502,9,第9章   咖啡、茶、马黛茶及调味香料,230,毛里塔尼亚,3538340.0
202502,9,第9章   咖啡、茶、马黛茶及调味香料,240,塞内加尔,3520078.0
202502,9,第9章   咖啡、茶、马黛茶及调味香料,243,索马里,210029.0
202502,9,第9章   咖啡、茶、马黛茶及调味香料,249,突尼斯,626956.0
202502,9,第9章   咖啡、茶、马黛茶及调味香料,303,英国,3237399.0
202502,9,第9章   咖啡、茶、马黛茶及调味香料,304,德国,9752373.0
202502,9,第9章   咖啡、茶、马黛茶及调味香料,324,马耳他,2010.0
202502,9,第9章   咖啡、茶、马黛茶及调味香料,344,俄罗斯,5214113.0
202502,9,第9章   咖啡、茶、马黛茶及调味香料,351,克罗地亚,952.0
202502,9,第9章   咖啡、茶、马黛茶及调味香料,428,马提尼克,485.0
202502,9,第9章   咖啡、茶、马黛茶及调味香料,502,美国,14439182.0
202502,9,第9章   咖啡、茶、马黛茶及调味香料,601,澳大利亚,894152.0
202502,9,第9章   咖啡、茶、马黛茶及调味香料,607,新喀里多尼亚,13744.0
202502,10,第10章  谷物,110,中国香港,1095132.0
202502,10,第10章  谷物,116,日本,453629.0
202502,10,第10章  谷物,119,老挝,6684.0
202502,10,第10章  谷物,125,尼泊尔,214396.0
202502,10,第10章  谷物,132,新加坡,6880.0
202502,10,第10章  谷物,133,韩国,884272.0
202502,10,第10章  谷物,136,泰国,40389.0
202502,10,第10章  谷物,141,越南,381734.0
202502,10,第10章  谷物,143,中国台湾,72164.0
202502,10,第10章  谷物,145,哈萨克斯坦,3520.0
202502,10,第10章  谷物,303,英国,40865.0
202502,10,第10章  谷物,304,德国,96342.0
202502,10,第10章  谷物,344,俄罗斯,14029.0
202502,10,第10章  谷物,502,美国,28456.0
202502,10,第10章  谷物,601,澳大利亚,19951.0
202502,11,第11章  制粉工业产品；麦芽；淀粉；菊粉；面筋,102,巴林,24827.0
202502,11,第11章  制粉工业产品；麦芽；淀粉；菊粉；面筋,110,中国香港,3768353.0
202502,11,第11章  制粉工业产品；麦芽；淀粉；菊粉；面筋,111,印度,670177.0
202502,11,第11章  制粉工业产品；麦芽；淀粉；菊粉；面筋,112,印度尼西亚,3641780.0
202502,11,第11章  制粉工业产品；麦芽；淀粉；菊粉；面筋,116,日本,2103340.0
202502,11,第11章  制粉工业产品；麦芽；淀粉；菊粉；面筋,119,老挝,1568041.0
202502,11,第11章  制粉工业产品；麦芽；淀粉；菊粉；面筋,122,马来西亚,3727929.0
202502,11,第11章  制粉工业产品；麦芽；淀粉；菊粉；面筋,125,尼泊尔,200225.0
202502,11,第11章  制粉工业产品；麦芽；淀粉；菊粉；面筋,132,新加坡,539799.0
202502,11,第11章  制粉工业产品；麦芽；淀粉；菊粉；面筋,133,韩国,7447364.0
202502,11,第11章  制粉工业产品；麦芽；淀粉；菊粉；面筋,136,泰国,9439131.0
202502,11,第11章  制粉工业产品；麦芽；淀粉；菊粉；面筋,141,越南,3343725.0
202502,11,第11章  制粉工业产品；麦芽；淀粉；菊粉；面筋,143,中国台湾,677099.0
202502,11,第11章  制粉工业产品；麦芽；淀粉；菊粉；面筋,149,乌兹别克斯坦,1369.0
202502,11,第11章  制粉工业产品；麦芽；淀粉；菊粉；面筋,150,格鲁吉亚,1351.0
202502,11,第11章  制粉工业产品；麦芽；淀粉；菊粉；面筋,202,安哥拉,8418.0
202502,11,第11章  制粉工业产品；麦芽；淀粉；菊粉；面筋,206,喀麦隆,627134.0
202502,11,第11章  制粉工业产品；麦芽；淀粉；菊粉；面筋,303,英国,13116.0
202502,11,第11章  制粉工业产品；麦芽；淀粉；菊粉；面筋,304,德国,97128.0
202502,11,第11章  制粉工业产品；麦芽；淀粉；菊粉；面筋,344,俄罗斯,296763.0
202502,11,第11章  制粉工业产品；麦芽；淀粉；菊粉；面筋,502,美国,1564938.0
202502,11,第11章  制粉工业产品；麦芽；淀粉；菊粉；面筋,601,澳大利亚,1471570.0
202502,12,第12章  含油子仁及果实；杂项子仁及果仁；工业用或药用植物；稻草、秸秆及饲料,102,巴林,135356.0
202502,12,第12章  含油子仁及果实；杂项子仁及果仁；工业用或药用植物；稻草、秸秆及饲料,110,中国香港,6646197.0
202502,12,第12章  含油子仁及果实；杂项子仁及果仁；工业用或药用植物；稻草、秸秆及饲料,111,印度,1305783.0
202502,12,第12章  含油子仁及果实；杂项子仁及果仁；工业用或药用植物；稻草、秸秆及饲料,112,印度尼西亚,1572278.0
202502,12,第12章  含油子仁及果实；杂项子仁及果仁；工业用或药用植物；稻草、秸秆及饲料,113,伊朗,7259930.0
202502,12,第12章  含油子仁及果实；杂项子仁及果仁；工业用或药用植物；稻草、秸秆及饲料,116,日本,13978710.0
202502,12,第12章  含油子仁及果实；杂项子仁及果仁；工业用或药用植物；稻草、秸秆及饲料,119,老挝,104600.0
202502,12,第12章  含油子仁及果实；杂项子仁及果仁；工业用或药用植物；稻草、秸秆及饲料,120,黎巴嫩,2210790.0
202502,12,第12章  含油子仁及果实；杂项子仁及果仁；工业用或药用植物；稻草、秸秆及饲料,122,马来西亚,4010257.0
202502,12,第12章  含油子仁及果实；杂项子仁及果仁；工业用或药用植物；稻草、秸秆及饲料,125,尼泊尔,122577.0
202502,12,第12章  含油子仁及果实；杂项子仁及果仁；工业用或药用植物；稻草、秸秆及饲料,126,阿曼,6036.0
202502,12,第12章  含油子仁及果实；杂项子仁及果仁；工业用或药用植物；稻草、秸秆及饲料,132,新加坡,1436547.0
202502,12,第12章  含油子仁及果实；杂项子仁及果仁；工业用或药用植物；稻草、秸秆及饲料,133,韩国,20336426.0
202502,12,第12章  含油子仁及果实；杂项子仁及果仁；工业用或药用植物；稻草、秸秆及饲料,135,叙利亚,79400.0
202502,12,第12章  含油子仁及果实；杂项子仁及果仁；工业用或药用植物；稻草、秸秆及饲料,136,泰国,4468389.0
202502,12,第12章  含油子仁及果实；杂项子仁及果仁；工业用或药用植物；稻草、秸秆及饲料,139,也门,131340.0
202502,12,第12章  含油子仁及果实；杂项子仁及果仁；工业用或药用植物；稻草、秸秆及饲料,141,越南,11658779.0
202502,12,第12章  含油子仁及果实；杂项子仁及果仁；工业用或药用植物；稻草、秸秆及饲料,143,中国台湾,10440219.0
202502,12,第12章  含油子仁及果实；杂项子仁及果仁；工业用或药用植物；稻草、秸秆及饲料,145,哈萨克斯坦,2889805.0
202502,12,第12章  含油子仁及果实；杂项子仁及果仁；工业用或药用植物；稻草、秸秆及饲料,148,土库曼斯坦,19736.0
202502,12,第12章  含油子仁及果实；杂项子仁及果仁；工业用或药用植物；稻草、秸秆及饲料,149,乌兹别克斯坦,20331289.0
202502,12,第12章  含油子仁及果实；杂项子仁及果仁；工业用或药用植物；稻草、秸秆及饲料,150,格鲁吉亚,150237.0
202502,12,第12章  含油子仁及果实；杂项子仁及果仁；工业用或药用植物；稻草、秸秆及饲料,152,阿塞拜疆,248308.0
202502,12,第12章  含油子仁及果实；杂项子仁及果仁；工业用或药用植物；稻草、秸秆及饲料,231,毛里求斯,23162.0
202502,12,第12章  含油子仁及果实；杂项子仁及果仁；工业用或药用植物；稻草、秸秆及饲料,237,留尼汪,11935.0
202502,12,第12章  含油子仁及果实；杂项子仁及果仁；工业用或药用植物；稻草、秸秆及饲料,249,突尼斯,569756.0
202502,12,第12章  含油子仁及果实；杂项子仁及果仁；工业用或药用植物；稻草、秸秆及饲料,303,英国,2775347.0
202502,12,第12章  含油子仁及果实；杂项子仁及果仁；工业用或药用植物；稻草、秸秆及饲料,304,德国,7009006.0
202502,12,第12章  含油子仁及果实；杂项子仁及果仁；工业用或药用植物；稻草、秸秆及饲料,344,俄罗斯,15637810.0
202502,12,第12章  含油子仁及果实；杂项子仁及果仁；工业用或药用植物；稻草、秸秆及饲料,358,塞尔维亚,33300.0
202502,12,第12章  含油子仁及果实；杂项子仁及果仁；工业用或药用植物；稻草、秸秆及饲料,502,美国,5794713.0
202502,12,第12章  含油子仁及果实；杂项子仁及果仁；工业用或药用植物；稻草、秸秆及饲料,601,澳大利亚,1614614.0
202502,13,第13章  虫胶；树胶、树脂及其他植物液、汁,102,巴林,33000.0
202502,13,第13章  虫胶；树胶、树脂及其他植物液、汁,110,中国香港,9128439.0
202502,13,第13章  虫胶；树胶、树脂及其他植物液、汁,111,印度,3057713.0
202502,13,第13章  虫胶；树胶、树脂及其他植物液、汁,112,印度尼西亚,2917977.0
202502,13,第13章  虫胶；树胶、树脂及其他植物液、汁,113,伊朗,292389.0
202502,13,第13章  虫胶；树胶、树脂及其他植物液、汁,116,日本,15797756.0
202502,13,第13章  虫胶；树胶、树脂及其他植物液、汁,119,老挝,230000.0
202502,13,第13章  虫胶；树胶、树脂及其他植物液、汁,120,黎巴嫩,63826.0
202502,13,第13章  虫胶；树胶、树脂及其他植物液、汁,122,马来西亚,1176823.0
202502,13,第13章  虫胶；树胶、树脂及其他植物液、汁,132,新加坡,772331.0
202502,13,第13章  虫胶；树胶、树脂及其他植物液、汁,133,韩国,5242692.0
202502,13,第13章  虫胶；树胶、树脂及其他植物液、汁,136,泰国,3766152.0
202502,13,第13章  虫胶；树胶、树脂及其他植物液、汁,141,越南,1783685.0
202502,13,第13章  虫胶；树胶、树脂及其他植物液、汁,143,中国台湾,3139604.0
202502,13,第13章  虫胶；树胶、树脂及其他植物液、汁,145,哈萨克斯坦,720520.0
202502,13,第13章  虫胶；树胶、树脂及其他植物液、汁,149,乌兹别克斯坦,342604.0
202502,13,第13章  虫胶；树胶、树脂及其他植物液、汁,150,格鲁吉亚,716.0
202502,13,第13章  虫胶；树胶、树脂及其他植物液、汁,202,安哥拉,580.0
202502,13,第13章  虫胶；树胶、树脂及其他植物液、汁,249,突尼斯,19058.0
202502,13,第13章  虫胶；树胶、树脂及其他植物液、汁,303,英国,2400088.0
202502,13,第13章  虫胶；树胶、树脂及其他植物液、汁,304,德国,6979906.0
202502,13,第13章  虫胶；树胶、树脂及其他植物液、汁,324,马耳他,162450.0
202502,13,第13章  虫胶；树胶、树脂及其他植物液、汁,344,俄罗斯,7291348.0
202502,13,第13章  虫胶；树胶、树脂及其他植物液、汁,351,克罗地亚,13249.0
202502,13,第13章  虫胶；树胶、树脂及其他植物液、汁,358,塞尔维亚,94004.0
202502,13,第13章  虫胶；树胶、树脂及其他植物液、汁,440,萨尔瓦多,12372.0
202502,13,第13章  虫胶；树胶、树脂及其他植物液、汁,502,美国,24462310.0
202502,13,第13章  虫胶；树胶、树脂及其他植物液、汁,601,澳大利亚,2424752.0
202502,14,第14章  编结用植物材料；其他植物产品,110,中国香港,980084.0
202502,14,第14章  编结用植物材料；其他植物产品,111,印度,4665.0
202502,14,第14章  编结用植物材料；其他植物产品,112,印度尼西亚,227682.0
202502,14,第14章  编结用植物材料；其他植物产品,116,日本,801114.0
202502,14,第14章  编结用植物材料；其他植物产品,119,老挝,27961.0
202502,14,第14章  编结用植物材料；其他植物产品,120,黎巴嫩,21550.0
202502,14,第14章  编结用植物材料；其他植物产品,122,马来西亚,881612.0
202502,14,第14章  编结用植物材料；其他植物产品,132,新加坡,220398.0
202502,14,第14章  编结用植物材料；其他植物产品,133,韩国,3220137.0
202502,14,第14章  编结用植物材料；其他植物产品,136,泰国,874571.0
202502,14,第14章  编结用植物材料；其他植物产品,141,越南,50945.0
202502,14,第14章  编结用植物材料；其他植物产品,143,中国台湾,1744454.0
202502,14,第14章  编结用植物材料；其他植物产品,145,哈萨克斯坦,24749.0
202502,14,第14章  编结用植物材料；其他植物产品,149,乌兹别克斯坦,33501.0
202502,14,第14章  编结用植物材料；其他植物产品,152,阿塞拜疆,350.0
202502,14,第14章  编结用植物材料；其他植物产品,223,科特迪瓦,1682.0
202502,14,第14章  编结用植物材料；其他植物产品,237,留尼汪,62.0
202502,14,第14章  编结用植物材料；其他植物产品,303,英国,648386.0
202502,14,第14章  编结用植物材料；其他植物产品,304,德国,434442.0
202502,14,第14章  编结用植物材料；其他植物产品,344,俄罗斯,728055.0
202502,14,第14章  编结用植物材料；其他植物产品,358,塞尔维亚,19037.0
202502,14,第14章  编结用植物材料；其他植物产品,420,法属圭亚那,56.0
202502,14,第14章  编结用植物材料；其他植物产品,502,美国,1171408.0
202502,14,第14章  编结用植物材料；其他植物产品,601,澳大利亚,323076.0
202502,15,动、植物或微生物油、脂及其分解产品；精制的食用油脂；动、植物蜡,110,中国香港,14600082.0
202502,15,动、植物或微生物油、脂及其分解产品；精制的食用油脂；动、植物蜡,111,印度,449084.0
202502,15,动、植物或微生物油、脂及其分解产品；精制的食用油脂；动、植物蜡,112,印度尼西亚,1138117.0
202502,15,动、植物或微生物油、脂及其分解产品；精制的食用油脂；动、植物蜡,116,日本,2269739.0
202502,15,动、植物或微生物油、脂及其分解产品；精制的食用油脂；动、植物蜡,119,老挝,1840.0
202502,15,动、植物或微生物油、脂及其分解产品；精制的食用油脂；动、植物蜡,120,黎巴嫩,29740.0
202502,15,动、植物或微生物油、脂及其分解产品；精制的食用油脂；动、植物蜡,122,马来西亚,22845545.0
202502,15,动、植物或微生物油、脂及其分解产品；精制的食用油脂；动、植物蜡,126,阿曼,58353.0
202502,15,动、植物或微生物油、脂及其分解产品；精制的食用油脂；动、植物蜡,132,新加坡,50410057.0
202502,15,动、植物或微生物油、脂及其分解产品；精制的食用油脂；动、植物蜡,133,韩国,9438595.0
202502,15,动、植物或微生物油、脂及其分解产品；精制的食用油脂；动、植物蜡,136,泰国,7558954.0
202502,15,动、植物或微生物油、脂及其分解产品；精制的食用油脂；动、植物蜡,141,越南,2610356.0
202502,15,动、植物或微生物油、脂及其分解产品；精制的食用油脂；动、植物蜡,143,中国台湾,174790.0
202502,15,动、植物或微生物油、脂及其分解产品；精制的食用油脂；动、植物蜡,145,哈萨克斯坦,40691.0
202502,15,动、植物或微生物油、脂及其分解产品；精制的食用油脂；动、植物蜡,149,乌兹别克斯坦,42872.0
202502,15,动、植物或微生物油、脂及其分解产品；精制的食用油脂；动、植物蜡,150,格鲁吉亚,2528.0
202502,15,动、植物或微生物油、脂及其分解产品；精制的食用油脂；动、植物蜡,152,阿塞拜疆,35000.0
202502,15,动、植物或微生物油、脂及其分解产品；精制的食用油脂；动、植物蜡,223,科特迪瓦,27810.0
202502,15,动、植物或微生物油、脂及其分解产品；精制的食用油脂；动、植物蜡,243,索马里,9000.0
202502,15,动、植物或微生物油、脂及其分解产品；精制的食用油脂；动、植物蜡,249,突尼斯,63150.0
202502,15,动、植物或微生物油、脂及其分解产品；精制的食用油脂；动、植物蜡,303,英国,2924751.0
202502,15,动、植物或微生物油、脂及其分解产品；精制的食用油脂；动、植物蜡,304,德国,1266085.0
202502,15,动、植物或微生物油、脂及其分解产品；精制的食用油脂；动、植物蜡,324,马耳他,5589.0
202502,15,动、植物或微生物油、脂及其分解产品；精制的食用油脂；动、植物蜡,344,俄罗斯,698324.0
202502,15,动、植物或微生物油、脂及其分解产品；精制的食用油脂；动、植物蜡,428,马提尼克,1798.0
202502,15,动、植物或微生物油、脂及其分解产品；精制的食用油脂；动、植物蜡,502,美国,82445606.0
202502,15,动、植物或微生物油、脂及其分解产品；精制的食用油脂；动、植物蜡,601,澳大利亚,4559464.0
202502,16,第16章  肉、鱼、甲壳动物、软体动物及其他水生无脊椎动物、昆虫的制品,102,巴林,161351.0
202502,16,第16章  肉、鱼、甲壳动物、软体动物及其他水生无脊椎动物、昆虫的制品,110,中国香港,47679954.0
202502,16,第16章  肉、鱼、甲壳动物、软体动物及其他水生无脊椎动物、昆虫的制品,111,印度,126511.0
202502,16,第16章  肉、鱼、甲壳动物、软体动物及其他水生无脊椎动物、昆虫的制品,112,印度尼西亚,2097230.0
202502,16,第16章  肉、鱼、甲壳动物、软体动物及其他水生无脊椎动物、昆虫的制品,116,日本,125353063.0
202502,16,第16章  肉、鱼、甲壳动物、软体动物及其他水生无脊椎动物、昆虫的制品,119,老挝,50859.0
202502,16,第16章  肉、鱼、甲壳动物、软体动物及其他水生无脊椎动物、昆虫的制品,120,黎巴嫩,161628.0
202502,16,第16章  肉、鱼、甲壳动物、软体动物及其他水生无脊椎动物、昆虫的制品,122,马来西亚,63416273.0
202502,16,第16章  肉、鱼、甲壳动物、软体动物及其他水生无脊椎动物、昆虫的制品,132,新加坡,7360319.0
202502,16,第16章  肉、鱼、甲壳动物、软体动物及其他水生无脊椎动物、昆虫的制品,133,韩国,36966767.0
202502,16,第16章  肉、鱼、甲壳动物、软体动物及其他水生无脊椎动物、昆虫的制品,135,叙利亚,569553.0
202502,16,第16章  肉、鱼、甲壳动物、软体动物及其他水生无脊椎动物、昆虫的制品,136,泰国,34315884.0
202502,16,第16章  肉、鱼、甲壳动物、软体动物及其他水生无脊椎动物、昆虫的制品,139,也门,201600.0
202502,16,第16章  肉、鱼、甲壳动物、软体动物及其他水生无脊椎动物、昆虫的制品,141,越南,7281044.0
202502,16,第16章  肉、鱼、甲壳动物、软体动物及其他水生无脊椎动物、昆虫的制品,143,中国台湾,32191332.0
202502,16,第16章  肉、鱼、甲壳动物、软体动物及其他水生无脊椎动物、昆虫的制品,145,哈萨克斯坦,593988.0
202502,16,第16章  肉、鱼、甲壳动物、软体动物及其他水生无脊椎动物、昆虫的制品,152,阿塞拜疆,143502.0
202502,16,第16章  肉、鱼、甲壳动物、软体动物及其他水生无脊椎动物、昆虫的制品,202,安哥拉,508463.0
202502,16,第16章  肉、鱼、甲壳动物、软体动物及其他水生无脊椎动物、昆虫的制品,206,喀麦隆,362007.0
202502,16,第16章  肉、鱼、甲壳动物、软体动物及其他水生无脊椎动物、昆虫的制品,212,科摩罗,109526.0
202502,16,第16章  肉、鱼、甲壳动物、软体动物及其他水生无脊椎动物、昆虫的制品,218,加蓬,636342.0
202502,16,第16章  肉、鱼、甲壳动物、软体动物及其他水生无脊椎动物、昆虫的制品,221,几内亚,201860.0
202502,16,第16章  肉、鱼、甲壳动物、软体动物及其他水生无脊椎动物、昆虫的制品,223,科特迪瓦,507196.0
202502,16,第16章  肉、鱼、甲壳动物、软体动物及其他水生无脊椎动物、昆虫的制品,230,毛里塔尼亚,559441.0
202502,16,第16章  肉、鱼、甲壳动物、软体动物及其他水生无脊椎动物、昆虫的制品,231,毛里求斯,342793.0
202502,16,第16章  肉、鱼、甲壳动物、软体动物及其他水生无脊椎动物、昆虫的制品,234,纳米比亚,48731.0
202502,16,第16章  肉、鱼、甲壳动物、软体动物及其他水生无脊椎动物、昆虫的制品,240,塞内加尔,765947.0
202502,16,第16章  肉、鱼、甲壳动物、软体动物及其他水生无脊椎动物、昆虫的制品,249,突尼斯,35380.0
202502,16,第16章  肉、鱼、甲壳动物、软体动物及其他水生无脊椎动物、昆虫的制品,303,英国,11091150.0
202502,16,第16章  肉、鱼、甲壳动物、软体动物及其他水生无脊椎动物、昆虫的制品,304,德国,3736307.0
202502,16,第16章  肉、鱼、甲壳动物、软体动物及其他水生无脊椎动物、昆虫的制品,324,马耳他,57260.0
202502,16,第16章  肉、鱼、甲壳动物、软体动物及其他水生无脊椎动物、昆虫的制品,344,俄罗斯,5633756.0
202502,16,第16章  肉、鱼、甲壳动物、软体动物及其他水生无脊椎动物、昆虫的制品,351,克罗地亚,159545.0
202502,16,第16章  肉、鱼、甲壳动物、软体动物及其他水生无脊椎动物、昆虫的制品,358,塞尔维亚,242335.0
202502,16,第16章  肉、鱼、甲壳动物、软体动物及其他水生无脊椎动物、昆虫的制品,424,圭亚那,249579.0
202502,16,第16章  肉、鱼、甲壳动物、软体动物及其他水生无脊椎动物、昆虫的制品,425,海地,1057610.0
202502,16,第16章  肉、鱼、甲壳动物、软体动物及其他水生无脊椎动物、昆虫的制品,440,萨尔瓦多,96390.0
202502,16,第16章  肉、鱼、甲壳动物、软体动物及其他水生无脊椎动物、昆虫的制品,502,美国,39890641.0
202502,16,第16章  肉、鱼、甲壳动物、软体动物及其他水生无脊椎动物、昆虫的制品,601,澳大利亚,4254733.0
202502,16,第16章  肉、鱼、甲壳动物、软体动物及其他水生无脊椎动物、昆虫的制品,618,基里巴斯,303388.0
202502,17,第17章  糖及糖食,102,巴林,24845.0
202502,17,第17章  糖及糖食,110,中国香港,4229287.0
202502,17,第17章  糖及糖食,111,印度,1499469.0
202502,17,第17章  糖及糖食,112,印度尼西亚,21235000.0
202502,17,第17章  糖及糖食,113,伊朗,224611.0
202502,17,第17章  糖及糖食,116,日本,4000909.0
202502,17,第17章  糖及糖食,119,老挝,8285.0
202502,17,第17章  糖及糖食,120,黎巴嫩,67238.0
202502,17,第17章  糖及糖食,122,马来西亚,8716418.0
202502,17,第17章  糖及糖食,125,尼泊尔,94892.0
202502,17,第17章  糖及糖食,126,阿曼,310384.0
202502,17,第17章  糖及糖食,132,新加坡,2444739.0
202502,17,第17章  糖及糖食,133,韩国,14523017.0
202502,17,第17章  糖及糖食,136,泰国,7549704.0
202502,17,第17章  糖及糖食,139,也门,482731.0
202502,17,第17章  糖及糖食,141,越南,14651622.0
202502,17,第17章  糖及糖食,143,中国台湾,1939601.0
202502,17,第17章  糖及糖食,145,哈萨克斯坦,946126.0
202502,17,第17章  糖及糖食,148,土库曼斯坦,4008.0
202502,17,第17章  糖及糖食,149,乌兹别克斯坦,794245.0
202502,17,第17章  糖及糖食,150,格鲁吉亚,20665.0
202502,17,第17章  糖及糖食,151,亚美尼亚,12812.0
202502,17,第17章  糖及糖食,152,阿塞拜疆,6797.0
202502,17,第17章  糖及糖食,202,安哥拉,28470.0
202502,17,第17章  糖及糖食,206,喀麦隆,128487.0
202502,17,第17章  糖及糖食,221,几内亚,313997.0
202502,17,第17章  糖及糖食,223,科特迪瓦,274951.0
202502,17,第17章  糖及糖食,231,毛里求斯,24014.0
202502,17,第17章  糖及糖食,234,纳米比亚,19530.0
202502,17,第17章  糖及糖食,240,塞内加尔,77431.0
202502,17,第17章  糖及糖食,243,索马里,26611.0
202502,17,第17章  糖及糖食,249,突尼斯,41400.0
202502,17,第17章  糖及糖食,303,英国,4127826.0
202502,17,第17章  糖及糖食,304,德国,1571381.0
202502,17,第17章  糖及糖食,324,马耳他,4108.0
202502,17,第17章  糖及糖食,344,俄罗斯,5229189.0
202502,17,第17章  糖及糖食,351,克罗地亚,148585.0
202502,17,第17章  糖及糖食,358,塞尔维亚,13215.0
202502,17,第17章  糖及糖食,425,海地,34850.0
202502,17,第17章  糖及糖食,440,萨尔瓦多,237678.0
202502,17,第17章  糖及糖食,502,美国,19010232.0
202502,17,第17章  糖及糖食,601,澳大利亚,6973255.0
202502,18,第18章  可可及可可制品,110,中国香港,2941998.0
202502,18,第18章  可可及可可制品,111,印度,10.0
202502,18,第18章  可可及可可制品,112,印度尼西亚,901538.0
202502,18,第18章  可可及可可制品,116,日本,1323399.0
202502,18,第18章  可可及可可制品,119,老挝,4048.0
202502,18,第18章  可可及可可制品,122,马来西亚,1440009.0
202502,18,第18章  可可及可可制品,125,尼泊尔,57552.0
202502,18,第18章  可可及可可制品,132,新加坡,628855.0
202502,18,第18章  可可及可可制品,133,韩国,1830130.0
202502,18,第18章  可可及可可制品,136,泰国,899459.0
202502,18,第18章  可可及可可制品,139,也门,10855.0
202502,18,第18章  可可及可可制品,141,越南,1119742.0
202502,18,第18章  可可及可可制品,143,中国台湾,139942.0
202502,18,第18章  可可及可可制品,145,哈萨克斯坦,176409.0
202502,18,第18章  可可及可可制品,149,乌兹别克斯坦,12251.0
202502,18,第18章  可可及可可制品,150,格鲁吉亚,1682.0
202502,18,第18章  可可及可可制品,151,亚美尼亚,11943.0
202502,18,第18章  可可及可可制品,202,安哥拉,40179.0
202502,18,第18章  可可及可可制品,223,科特迪瓦,33986.0
202502,18,第18章  可可及可可制品,249,突尼斯,64480.0
202502,18,第18章  可可及可可制品,344,俄罗斯,3139750.0
202502,18,第18章  可可及可可制品,351,克罗地亚,82515.0
202502,18,第18章  可可及可可制品,502,美国,340249.0
202502,18,第18章  可可及可可制品,601,澳大利亚,1282758.0
202502,19,第19章  谷物、粮食粉、淀粉或乳的制品；糕饼点心,102,巴林,53031.0
202502,19,第19章  谷物、粮食粉、淀粉或乳的制品；糕饼点心,104,不丹,28821.0
202502,19,第19章  谷物、粮食粉、淀粉或乳的制品；糕饼点心,110,中国香港,35971049.0
202502,19,第19章  谷物、粮食粉、淀粉或乳的制品；糕饼点心,111,印度,51001.0
202502,19,第19章  谷物、粮食粉、淀粉或乳的制品；糕饼点心,112,印度尼西亚,2987783.0
202502,19,第19章  谷物、粮食粉、淀粉或乳的制品；糕饼点心,113,伊朗,32340.0
202502,19,第19章  谷物、粮食粉、淀粉或乳的制品；糕饼点心,116,日本,11803310.0
202502,19,第19章  谷物、粮食粉、淀粉或乳的制品；糕饼点心,119,老挝,339478.0
202502,19,第19章  谷物、粮食粉、淀粉或乳的制品；糕饼点心,120,黎巴嫩,120973.0
202502,19,第19章  谷物、粮食粉、淀粉或乳的制品；糕饼点心,122,马来西亚,4759043.0
202502,19,第19章  谷物、粮食粉、淀粉或乳的制品；糕饼点心,125,尼泊尔,46831.0
202502,19,第19章  谷物、粮食粉、淀粉或乳的制品；糕饼点心,126,阿曼,220362.0
202502,19,第19章  谷物、粮食粉、淀粉或乳的制品；糕饼点心,132,新加坡,2555289.0
202502,19,第19章  谷物、粮食粉、淀粉或乳的制品；糕饼点心,133,韩国,13676690.0
202502,19,第19章  谷物、粮食粉、淀粉或乳的制品；糕饼点心,136,泰国,6160847.0
202502,19,第19章  谷物、粮食粉、淀粉或乳的制品；糕饼点心,139,也门,175137.0
202502,19,第19章  谷物、粮食粉、淀粉或乳的制品；糕饼点心,141,越南,7841957.0
202502,19,第19章  谷物、粮食粉、淀粉或乳的制品；糕饼点心,143,中国台湾,342398.0
202502,19,第19章  谷物、粮食粉、淀粉或乳的制品；糕饼点心,145,哈萨克斯坦,1040053.0
202502,19,第19章  谷物、粮食粉、淀粉或乳的制品；糕饼点心,149,乌兹别克斯坦,53645.0
202502,19,第19章  谷物、粮食粉、淀粉或乳的制品；糕饼点心,150,格鲁吉亚,21117.0
202502,19,第19章  谷物、粮食粉、淀粉或乳的制品；糕饼点心,202,安哥拉,62497.0
202502,19,第19章  谷物、粮食粉、淀粉或乳的制品；糕饼点心,218,加蓬,13720.0
202502,19,第19章  谷物、粮食粉、淀粉或乳的制品；糕饼点心,221,几内亚,25213.0
202502,19,第19章  谷物、粮食粉、淀粉或乳的制品；糕饼点心,223,科特迪瓦,37860.0
202502,19,第19章  谷物、粮食粉、淀粉或乳的制品；糕饼点心,225,利比里亚,16800.0
202502,19,第19章  谷物、粮食粉、淀粉或乳的制品；糕饼点心,230,毛里塔尼亚,75168.0
202502,19,第19章  谷物、粮食粉、淀粉或乳的制品；糕饼点心,231,毛里求斯,61879.0
202502,19,第19章  谷物、粮食粉、淀粉或乳的制品；糕饼点心,237,留尼汪,44966.0
202502,19,第19章  谷物、粮食粉、淀粉或乳的制品；糕饼点心,240,塞内加尔,74286.0
202502,19,第19章  谷物、粮食粉、淀粉或乳的制品；糕饼点心,303,英国,3536033.0
202502,19,第19章  谷物、粮食粉、淀粉或乳的制品；糕饼点心,304,德国,3746085.0
202502,19,第19章  谷物、粮食粉、淀粉或乳的制品；糕饼点心,324,马耳他,4200.0
202502,19,第19章  谷物、粮食粉、淀粉或乳的制品；糕饼点心,344,俄罗斯,5413685.0
202502,19,第19章  谷物、粮食粉、淀粉或乳的制品；糕饼点心,358,塞尔维亚,692.0
202502,19,第19章  谷物、粮食粉、淀粉或乳的制品；糕饼点心,424,圭亚那,10419.0
202502,19,第19章  谷物、粮食粉、淀粉或乳的制品；糕饼点心,425,海地,39044.0
202502,19,第19章  谷物、粮食粉、淀粉或乳的制品；糕饼点心,428,马提尼克,23988.0
202502,19,第19章  谷物、粮食粉、淀粉或乳的制品；糕饼点心,440,萨尔瓦多,56386.0
202502,19,第19章  谷物、粮食粉、淀粉或乳的制品；糕饼点心,441,苏里南,8748.0
202502,19,第19章  谷物、粮食粉、淀粉或乳的制品；糕饼点心,502,美国,13929346.0
202502,19,第19章  谷物、粮食粉、淀粉或乳的制品；糕饼点心,601,澳大利亚,5585081.0
202502,19,第19章  谷物、粮食粉、淀粉或乳的制品；糕饼点心,618,基里巴斯,52504.0
202502,20,第20章  蔬菜、水果、坚果或植物其他部分的制品,102,巴林,744867.0
202502,20,第20章  蔬菜、水果、坚果或植物其他部分的制品,110,中国香港,11772579.0
202502,20,第20章  蔬菜、水果、坚果或植物其他部分的制品,111,印度,1934164.0
202502,20,第20章  蔬菜、水果、坚果或植物其他部分的制品,112,印度尼西亚,16745624.0
202502,20,第20章  蔬菜、水果、坚果或植物其他部分的制品,113,伊朗,980770.0
202502,20,第20章  蔬菜、水果、坚果或植物其他部分的制品,116,日本,95690706.0
202502,20,第20章  蔬菜、水果、坚果或植物其他部分的制品,119,老挝,466896.0
202502,20,第20章  蔬菜、水果、坚果或植物其他部分的制品,120,黎巴嫩,1533090.0
202502,20,第20章  蔬菜、水果、坚果或植物其他部分的制品,122,马来西亚,17083313.0
202502,20,第20章  蔬菜、水果、坚果或植物其他部分的制品,125,尼泊尔,149310.0
202502,20,第20章  蔬菜、水果、坚果或植物其他部分的制品,126,阿曼,1613370.0
202502,20,第20章  蔬菜、水果、坚果或植物其他部分的制品,132,新加坡,5491829.0
202502,20,第20章  蔬菜、水果、坚果或植物其他部分的制品,133,韩国,44036566.0
202502,20,第20章  蔬菜、水果、坚果或植物其他部分的制品,135,叙利亚,276691.0
202502,20,第20章  蔬菜、水果、坚果或植物其他部分的制品,136,泰国,15652303.0
202502,20,第20章  蔬菜、水果、坚果或植物其他部分的制品,139,也门,2568623.0
202502,20,第20章  蔬菜、水果、坚果或植物其他部分的制品,141,越南,8908090.0
202502,20,第20章  蔬菜、水果、坚果或植物其他部分的制品,143,中国台湾,7385892.0
202502,20,第20章  蔬菜、水果、坚果或植物其他部分的制品,145,哈萨克斯坦,8173212.0
202502,20,第20章  蔬菜、水果、坚果或植物其他部分的制品,148,土库曼斯坦,67840.0
202502,20,第20章  蔬菜、水果、坚果或植物其他部分的制品,149,乌兹别克斯坦,557443.0
202502,20,第20章  蔬菜、水果、坚果或植物其他部分的制品,150,格鲁吉亚,553618.0
202502,20,第20章  蔬菜、水果、坚果或植物其他部分的制品,151,亚美尼亚,31360.0
202502,20,第20章  蔬菜、水果、坚果或植物其他部分的制品,152,阿塞拜疆,424441.0
202502,20,第20章  蔬菜、水果、坚果或植物其他部分的制品,202,安哥拉,1520757.0
202502,20,第20章  蔬菜、水果、坚果或植物其他部分的制品,206,喀麦隆,937552.0
202502,20,第20章  蔬菜、水果、坚果或植物其他部分的制品,212,科摩罗,16205.0
202502,20,第20章  蔬菜、水果、坚果或植物其他部分的制品,217,埃塞俄比亚,132213.0
202502,20,第20章  蔬菜、水果、坚果或植物其他部分的制品,218,加蓬,211282.0
202502,20,第20章  蔬菜、水果、坚果或植物其他部分的制品,221,几内亚,57759.0
202502,20,第20章  蔬菜、水果、坚果或植物其他部分的制品,223,科特迪瓦,1674638.0
202502,20,第20章  蔬菜、水果、坚果或植物其他部分的制品,230,毛里塔尼亚,347957.0
202502,20,第20章  蔬菜、水果、坚果或植物其他部分的制品,231,毛里求斯,298110.0
202502,20,第20章  蔬菜、水果、坚果或植物其他部分的制品,237,留尼汪,72791.0
202502,20,第20章  蔬菜、水果、坚果或植物其他部分的制品,240,塞内加尔,765247.0
202502,20,第20章  蔬菜、水果、坚果或植物其他部分的制品,242,塞拉利昂,723113.0
202502,20,第20章  蔬菜、水果、坚果或植物其他部分的制品,243,索马里,90102.0
202502,20,第20章  蔬菜、水果、坚果或植物其他部分的制品,249,突尼斯,270788.0
202502,20,第20章  蔬菜、水果、坚果或植物其他部分的制品,260,南苏丹,40860.0
202502,20,第20章  蔬菜、水果、坚果或植物其他部分的制品,303,英国,4117047.0
202502,20,第20章  蔬菜、水果、坚果或植物其他部分的制品,304,德国,10324965.0
202502,20,第20章  蔬菜、水果、坚果或植物其他部分的制品,324,马耳他,3630.0
202502,20,第20章  蔬菜、水果、坚果或植物其他部分的制品,344,俄罗斯,19814770.0
202502,20,第20章  蔬菜、水果、坚果或植物其他部分的制品,351,克罗地亚,519303.0
202502,20,第20章  蔬菜、水果、坚果或植物其他部分的制品,358,塞尔维亚,131661.0
202502,20,第20章  蔬菜、水果、坚果或植物其他部分的制品,417,库拉索 ,100330.0
202502,20,第20章  蔬菜、水果、坚果或植物其他部分的制品,424,圭亚那,111962.0
202502,20,第20章  蔬菜、水果、坚果或植物其他部分的制品,425,海地,186156.0
202502,20,第20章  蔬菜、水果、坚果或植物其他部分的制品,440,萨尔瓦多,106684.0
202502,20,第20章  蔬菜、水果、坚果或植物其他部分的制品,441,苏里南,53970.0
202502,20,第20章  蔬菜、水果、坚果或植物其他部分的制品,502,美国,47502532.0
202502,20,第20章  蔬菜、水果、坚果或植物其他部分的制品,601,澳大利亚,13249230.0
202502,20,第20章  蔬菜、水果、坚果或植物其他部分的制品,607,新喀里多尼亚,79589.0
202502,20,第20章  蔬菜、水果、坚果或植物其他部分的制品,618,基里巴斯,3367.0
202502,21,第21章  杂项食品,102,巴林,77941.0
202502,21,第21章  杂项食品,110,中国香港,46001916.0
202502,21,第21章  杂项食品,111,印度,5557409.0
202502,21,第21章  杂项食品,112,印度尼西亚,21312204.0
202502,21,第21章  杂项食品,113,伊朗,189468.0
202502,21,第21章  杂项食品,116,日本,15971004.0
202502,21,第21章  杂项食品,119,老挝,247094.0
202502,21,第21章  杂项食品,120,黎巴嫩,81813.0
202502,21,第21章  杂项食品,122,马来西亚,29484476.0
202502,21,第21章  杂项食品,125,尼泊尔,65431.0
202502,21,第21章  杂项食品,126,阿曼,78427.0
202502,21,第21章  杂项食品,132,新加坡,9560582.0
202502,21,第21章  杂项食品,133,韩国,16524704.0
202502,21,第21章  杂项食品,135,叙利亚,136376.0
202502,21,第21章  杂项食品,136,泰国,14805297.0
202502,21,第21章  杂项食品,139,也门,2966369.0
202502,21,第21章  杂项食品,141,越南,12825134.0
202502,21,第21章  杂项食品,143,中国台湾,5447820.0
202502,21,第21章  杂项食品,145,哈萨克斯坦,816870.0
202502,21,第21章  杂项食品,149,乌兹别克斯坦,669962.0
202502,21,第21章  杂项食品,150,格鲁吉亚,32985.0
202502,21,第21章  杂项食品,151,亚美尼亚,8830.0
202502,21,第21章  杂项食品,152,阿塞拜疆,322073.0
202502,21,第21章  杂项食品,202,安哥拉,886006.0
202502,21,第21章  杂项食品,205,布隆迪,15390.0
202502,21,第21章  杂项食品,206,喀麦隆,759717.0
202502,21,第21章  杂项食品,212,科摩罗,43196.0
202502,21,第21章  杂项食品,217,埃塞俄比亚,1091559.0
202502,21,第21章  杂项食品,218,加蓬,94269.0
202502,21,第21章  杂项食品,221,几内亚,711895.0
202502,21,第21章  杂项食品,223,科特迪瓦,276229.0
202502,21,第21章  杂项食品,225,利比里亚,1263993.0
202502,21,第21章  杂项食品,230,毛里塔尼亚,311846.0
202502,21,第21章  杂项食品,231,毛里求斯,256389.0
202502,21,第21章  杂项食品,237,留尼汪,155698.0
202502,21,第21章  杂项食品,240,塞内加尔,312101.0
202502,21,第21章  杂项食品,242,塞拉利昂,506244.0
202502,21,第21章  杂项食品,243,索马里,217258.0
202502,21,第21章  杂项食品,249,突尼斯,4100.0
202502,21,第21章  杂项食品,259,马约特,10423.0
202502,21,第21章  杂项食品,260,南苏丹,104880.0
202502,21,第21章  杂项食品,303,英国,6583424.0
202502,21,第21章  杂项食品,304,德国,10028098.0
202502,21,第21章  杂项食品,324,马耳他,16121.0
202502,21,第21章  杂项食品,344,俄罗斯,9037412.0
202502,21,第21章  杂项食品,351,克罗地亚,51212.0
202502,21,第21章  杂项食品,358,塞尔维亚,26628.0
202502,21,第21章  杂项食品,424,圭亚那,33087.0
202502,21,第21章  杂项食品,425,海地,365876.0
202502,21,第21章  杂项食品,440,萨尔瓦多,409515.0
202502,21,第21章  杂项食品,441,苏里南,511.0
202502,21,第21章  杂项食品,502,美国,43905419.0
202502,21,第21章  杂项食品,601,澳大利亚,9798030.0
202502,22,第22章  饮料、酒及醋,110,中国香港,114915685.0
202502,22,第22章  饮料、酒及醋,111,印度,112786.0
202502,22,第22章  饮料、酒及醋,112,印度尼西亚,1417598.0
202502,22,第22章  饮料、酒及醋,116,日本,2032924.0
202502,22,第22章  饮料、酒及醋,119,老挝,239323.0
202502,22,第22章  饮料、酒及醋,122,马来西亚,1568866.0
202502,22,第22章  饮料、酒及醋,132,新加坡,4479378.0
202502,22,第22章  饮料、酒及醋,133,韩国,7580890.0
202502,22,第22章  饮料、酒及醋,136,泰国,2005581.0
202502,22,第22章  饮料、酒及醋,141,越南,2845622.0
202502,22,第22章  饮料、酒及醋,143,中国台湾,8675709.0
202502,22,第22章  饮料、酒及醋,145,哈萨克斯坦,2239173.0
202502,22,第22章  饮料、酒及醋,149,乌兹别克斯坦,109157.0
202502,22,第22章  饮料、酒及醋,150,格鲁吉亚,4490.0
202502,22,第22章  饮料、酒及醋,206,喀麦隆,77852.0
202502,22,第22章  饮料、酒及醋,217,埃塞俄比亚,50276.0
202502,22,第22章  饮料、酒及醋,223,科特迪瓦,167719.0
202502,22,第22章  饮料、酒及醋,225,利比里亚,26794.0
202502,22,第22章  饮料、酒及醋,231,毛里求斯,30617.0
202502,22,第22章  饮料、酒及醋,303,英国,807616.0
202502,22,第22章  饮料、酒及醋,304,德国,328991.0
202502,22,第22章  饮料、酒及醋,324,马耳他,11585.0
202502,22,第22章  饮料、酒及醋,344,俄罗斯,5349012.0
202502,22,第22章  饮料、酒及醋,441,苏里南,95747.0
202502,22,第22章  饮料、酒及醋,502,美国,3402181.0
202502,22,第22章  饮料、酒及醋,601,澳大利亚,1883445.0
202502,22,第22章  饮料、酒及醋,607,新喀里多尼亚,11261.0
202502,22,第22章  饮料、酒及醋,618,基里巴斯,35208.0
202502,23,第23章  食品工业的残渣及废料；配制的动物饲料,102,巴林,5355.0
202502,23,第23章  食品工业的残渣及废料；配制的动物饲料,110,中国香港,517842.0
202502,23,第23章  食品工业的残渣及废料；配制的动物饲料,111,印度,6513547.0
202502,23,第23章  食品工业的残渣及废料；配制的动物饲料,112,印度尼西亚,14642935.0
202502,23,第23章  食品工业的残渣及废料；配制的动物饲料,113,伊朗,120000.0
202502,23,第23章  食品工业的残渣及废料；配制的动物饲料,116,日本,42495819.0
202502,23,第23章  食品工业的残渣及废料；配制的动物饲料,119,老挝,166348.0
202502,23,第23章  食品工业的残渣及废料；配制的动物饲料,120,黎巴嫩,57210.0
202502,23,第23章  食品工业的残渣及废料；配制的动物饲料,122,马来西亚,6039683.0
202502,23,第23章  食品工业的残渣及废料；配制的动物饲料,125,尼泊尔,303562.0
202502,23,第23章  食品工业的残渣及废料；配制的动物饲料,126,阿曼,52025.0
202502,23,第23章  食品工业的残渣及废料；配制的动物饲料,132,新加坡,635544.0
202502,23,第23章  食品工业的残渣及废料；配制的动物饲料,133,韩国,22572015.0
202502,23,第23章  食品工业的残渣及废料；配制的动物饲料,135,叙利亚,54436.0
202502,23,第23章  食品工业的残渣及废料；配制的动物饲料,136,泰国,5817684.0
202502,23,第23章  食品工业的残渣及废料；配制的动物饲料,141,越南,20858068.0
202502,23,第23章  食品工业的残渣及废料；配制的动物饲料,143,中国台湾,2086942.0
202502,23,第23章  食品工业的残渣及废料；配制的动物饲料,145,哈萨克斯坦,305630.0
202502,23,第23章  食品工业的残渣及废料；配制的动物饲料,149,乌兹别克斯坦,215858.0
202502,23,第23章  食品工业的残渣及废料；配制的动物饲料,150,格鲁吉亚,36740.0
202502,23,第23章  食品工业的残渣及废料；配制的动物饲料,151,亚美尼亚,18060.0
202502,23,第23章  食品工业的残渣及废料；配制的动物饲料,230,毛里塔尼亚,21679.0
202502,23,第23章  食品工业的残渣及废料；配制的动物饲料,231,毛里求斯,5440.0
202502,23,第23章  食品工业的残渣及废料；配制的动物饲料,237,留尼汪,15210.0
202502,23,第23章  食品工业的残渣及废料；配制的动物饲料,240,塞内加尔,14560.0
202502,23,第23章  食品工业的残渣及废料；配制的动物饲料,249,突尼斯,20794.0
202502,23,第23章  食品工业的残渣及废料；配制的动物饲料,303,英国,9241263.0
202502,23,第23章  食品工业的残渣及废料；配制的动物饲料,304,德国,13928192.0
202502,23,第23章  食品工业的残渣及废料；配制的动物饲料,324,马耳他,437.0
202502,23,第23章  食品工业的残渣及废料；配制的动物饲料,344,俄罗斯,5000245.0
202502,23,第23章  食品工业的残渣及废料；配制的动物饲料,351,克罗地亚,207417.0
202502,23,第23章  食品工业的残渣及废料；配制的动物饲料,358,塞尔维亚,209299.0
202502,23,第23章  食品工业的残渣及废料；配制的动物饲料,440,萨尔瓦多,58067.0
202502,23,第23章  食品工业的残渣及废料；配制的动物饲料,502,美国,18896785.0
202502,23,第23章  食品工业的残渣及废料；配制的动物饲料,601,澳大利亚,2545354.0
202502,24,第24章  烟草、烟草及烟草代用品的制品；非经燃烧吸用的产品，不论是否含有尼古丁；其他供人体摄入尼古丁的含尼古丁的产品,102,巴林,93491.0
202502,24,第24章  烟草、烟草及烟草代用品的制品；非经燃烧吸用的产品，不论是否含有尼古丁；其他供人体摄入尼古丁的含尼古丁的产品,110,中国香港,1668969.0
202502,24,第24章  烟草、烟草及烟草代用品的制品；非经燃烧吸用的产品，不论是否含有尼古丁；其他供人体摄入尼古丁的含尼古丁的产品,112,印度尼西亚,28932093.0
202502,24,第24章  烟草、烟草及烟草代用品的制品；非经燃烧吸用的产品，不论是否含有尼古丁；其他供人体摄入尼古丁的含尼古丁的产品,116,日本,1295336.0
202502,24,第24章  烟草、烟草及烟草代用品的制品；非经燃烧吸用的产品，不论是否含有尼古丁；其他供人体摄入尼古丁的含尼古丁的产品,120,黎巴嫩,120702.0
202502,24,第24章  烟草、烟草及烟草代用品的制品；非经燃烧吸用的产品，不论是否含有尼古丁；其他供人体摄入尼古丁的含尼古丁的产品,122,马来西亚,11151355.0
202502,24,第24章  烟草、烟草及烟草代用品的制品；非经燃烧吸用的产品，不论是否含有尼古丁；其他供人体摄入尼古丁的含尼古丁的产品,125,尼泊尔,234153.0
202502,24,第24章  烟草、烟草及烟草代用品的制品；非经燃烧吸用的产品，不论是否含有尼古丁；其他供人体摄入尼古丁的含尼古丁的产品,132,新加坡,285452.0
202502,24,第24章  烟草、烟草及烟草代用品的制品；非经燃烧吸用的产品，不论是否含有尼古丁；其他供人体摄入尼古丁的含尼古丁的产品,133,韩国,19372144.0
202502,24,第24章  烟草、烟草及烟草代用品的制品；非经燃烧吸用的产品，不论是否含有尼古丁；其他供人体摄入尼古丁的含尼古丁的产品,136,泰国,129882.0
202502,24,第24章  烟草、烟草及烟草代用品的制品；非经燃烧吸用的产品，不论是否含有尼古丁；其他供人体摄入尼古丁的含尼古丁的产品,139,也门,46248.0
202502,24,第24章  烟草、烟草及烟草代用品的制品；非经燃烧吸用的产品，不论是否含有尼古丁；其他供人体摄入尼古丁的含尼古丁的产品,141,越南,1130453.0
202502,24,第24章  烟草、烟草及烟草代用品的制品；非经燃烧吸用的产品，不论是否含有尼古丁；其他供人体摄入尼古丁的含尼古丁的产品,143,中国台湾,783988.0
202502,24,第24章  烟草、烟草及烟草代用品的制品；非经燃烧吸用的产品，不论是否含有尼古丁；其他供人体摄入尼古丁的含尼古丁的产品,145,哈萨克斯坦,264600.0
202502,24,第24章  烟草、烟草及烟草代用品的制品；非经燃烧吸用的产品，不论是否含有尼古丁；其他供人体摄入尼古丁的含尼古丁的产品,149,乌兹别克斯坦,130770.0
202502,24,第24章  烟草、烟草及烟草代用品的制品；非经燃烧吸用的产品，不论是否含有尼古丁；其他供人体摄入尼古丁的含尼古丁的产品,150,格鲁吉亚,146960.0
202502,24,第24章  烟草、烟草及烟草代用品的制品；非经燃烧吸用的产品，不论是否含有尼古丁；其他供人体摄入尼古丁的含尼古丁的产品,151,亚美尼亚,814288.0
202502,24,第24章  烟草、烟草及烟草代用品的制品；非经燃烧吸用的产品，不论是否含有尼古丁；其他供人体摄入尼古丁的含尼古丁的产品,152,阿塞拜疆,3588629.0
202502,24,第24章  烟草、烟草及烟草代用品的制品；非经燃烧吸用的产品，不论是否含有尼古丁；其他供人体摄入尼古丁的含尼古丁的产品,202,安哥拉,179334.0
202502,24,第24章  烟草、烟草及烟草代用品的制品；非经燃烧吸用的产品，不论是否含有尼古丁；其他供人体摄入尼古丁的含尼古丁的产品,225,利比里亚,6026.0
202502,24,第24章  烟草、烟草及烟草代用品的制品；非经燃烧吸用的产品，不论是否含有尼古丁；其他供人体摄入尼古丁的含尼古丁的产品,230,毛里塔尼亚,25000.0
202502,24,第24章  烟草、烟草及烟草代用品的制品；非经燃烧吸用的产品，不论是否含有尼古丁；其他供人体摄入尼古丁的含尼古丁的产品,237,留尼汪,36537.0
202502,24,第24章  烟草、烟草及烟草代用品的制品；非经燃烧吸用的产品，不论是否含有尼古丁；其他供人体摄入尼古丁的含尼古丁的产品,240,塞内加尔,1920.0
202502,24,第24章  烟草、烟草及烟草代用品的制品；非经燃烧吸用的产品，不论是否含有尼古丁；其他供人体摄入尼古丁的含尼古丁的产品,243,索马里,1903.0
202502,24,第24章  烟草、烟草及烟草代用品的制品；非经燃烧吸用的产品，不论是否含有尼古丁；其他供人体摄入尼古丁的含尼古丁的产品,303,英国,34027478.0
202502,24,第24章  烟草、烟草及烟草代用品的制品；非经燃烧吸用的产品，不论是否含有尼古丁；其他供人体摄入尼古丁的含尼古丁的产品,304,德国,17493519.0
202502,24,第24章  烟草、烟草及烟草代用品的制品；非经燃烧吸用的产品，不论是否含有尼古丁；其他供人体摄入尼古丁的含尼古丁的产品,324,马耳他,123504.0
202502,24,第24章  烟草、烟草及烟草代用品的制品；非经燃烧吸用的产品，不论是否含有尼古丁；其他供人体摄入尼古丁的含尼古丁的产品,344,俄罗斯,14345206.0
202502,24,第24章  烟草、烟草及烟草代用品的制品；非经燃烧吸用的产品，不论是否含有尼古丁；其他供人体摄入尼古丁的含尼古丁的产品,351,克罗地亚,3377891.0
202502,24,第24章  烟草、烟草及烟草代用品的制品；非经燃烧吸用的产品，不论是否含有尼古丁；其他供人体摄入尼古丁的含尼古丁的产品,358,塞尔维亚,559305.0
202502,24,第24章  烟草、烟草及烟草代用品的制品；非经燃烧吸用的产品，不论是否含有尼古丁；其他供人体摄入尼古丁的含尼古丁的产品,403,阿鲁巴,113000.0
202502,24,第24章  烟草、烟草及烟草代用品的制品；非经燃烧吸用的产品，不论是否含有尼古丁；其他供人体摄入尼古丁的含尼古丁的产品,424,圭亚那,122330.0
202502,24,第24章  烟草、烟草及烟草代用品的制品；非经燃烧吸用的产品，不论是否含有尼古丁；其他供人体摄入尼古丁的含尼古丁的产品,502,美国,164450495.0
202502,24,第24章  烟草、烟草及烟草代用品的制品；非经燃烧吸用的产品，不论是否含有尼古丁；其他供人体摄入尼古丁的含尼古丁的产品,601,澳大利亚,1504.0
202502,25,第25章  盐；硫磺；泥土及石料；石膏料、石灰及水泥,102,巴林,8770.0
202502,25,第25章  盐；硫磺；泥土及石料；石膏料、石灰及水泥,110,中国香港,16598435.0
202502,25,第25章  盐；硫磺；泥土及石料；石膏料、石灰及水泥,111,印度,12068988.0
202502,25,第25章  盐；硫磺；泥土及石料；石膏料、石灰及水泥,112,印度尼西亚,17567625.0
202502,25,第25章  盐；硫磺；泥土及石料；石膏料、石灰及水泥,113,伊朗,996864.0
202502,25,第25章  盐；硫磺；泥土及石料；石膏料、石灰及水泥,116,日本,23600858.0
202502,25,第25章  盐；硫磺；泥土及石料；石膏料、石灰及水泥,119,老挝,316712.0
202502,25,第25章  盐；硫磺；泥土及石料；石膏料、石灰及水泥,120,黎巴嫩,46671.0
202502,25,第25章  盐；硫磺；泥土及石料；石膏料、石灰及水泥,122,马来西亚,7424564.0
202502,25,第25章  盐；硫磺；泥土及石料；石膏料、石灰及水泥,125,尼泊尔,33561.0
202502,25,第25章  盐；硫磺；泥土及石料；石膏料、石灰及水泥,126,阿曼,153618.0
202502,25,第25章  盐；硫磺；泥土及石料；石膏料、石灰及水泥,132,新加坡,2194497.0
202502,25,第25章  盐；硫磺；泥土及石料；石膏料、石灰及水泥,133,韩国,17548176.0
202502,25,第25章  盐；硫磺；泥土及石料；石膏料、石灰及水泥,135,叙利亚,1335.0
202502,25,第25章  盐；硫磺；泥土及石料；石膏料、石灰及水泥,136,泰国,7073245.0
202502,25,第25章  盐；硫磺；泥土及石料；石膏料、石灰及水泥,139,也门,35651.0
202502,25,第25章  盐；硫磺；泥土及石料；石膏料、石灰及水泥,141,越南,5460626.0
202502,25,第25章  盐；硫磺；泥土及石料；石膏料、石灰及水泥,143,中国台湾,8705032.0
202502,25,第25章  盐；硫磺；泥土及石料；石膏料、石灰及水泥,145,哈萨克斯坦,399866.0
202502,25,第25章  盐；硫磺；泥土及石料；石膏料、石灰及水泥,148,土库曼斯坦,55508.0
202502,25,第25章  盐；硫磺；泥土及石料；石膏料、石灰及水泥,149,乌兹别克斯坦,209875.0
202502,25,第25章  盐；硫磺；泥土及石料；石膏料、石灰及水泥,150,格鲁吉亚,300.0
202502,25,第25章  盐；硫磺；泥土及石料；石膏料、石灰及水泥,151,亚美尼亚,4116.0
202502,25,第25章  盐；硫磺；泥土及石料；石膏料、石灰及水泥,152,阿塞拜疆,20000.0
202502,25,第25章  盐；硫磺；泥土及石料；石膏料、石灰及水泥,202,安哥拉,85585.0
202502,25,第25章  盐；硫磺；泥土及石料；石膏料、石灰及水泥,206,喀麦隆,1100.0
202502,25,第25章  盐；硫磺；泥土及石料；石膏料、石灰及水泥,212,科摩罗,167.0
202502,25,第25章  盐；硫磺；泥土及石料；石膏料、石灰及水泥,217,埃塞俄比亚,5917.0
202502,25,第25章  盐；硫磺；泥土及石料；石膏料、石灰及水泥,218,加蓬,10075.0
202502,25,第25章  盐；硫磺；泥土及石料；石膏料、石灰及水泥,221,几内亚,7826.0
202502,25,第25章  盐；硫磺；泥土及石料；石膏料、石灰及水泥,223,科特迪瓦,59240.0
202502,25,第25章  盐；硫磺；泥土及石料；石膏料、石灰及水泥,225,利比里亚,447.0
202502,25,第25章  盐；硫磺；泥土及石料；石膏料、石灰及水泥,230,毛里塔尼亚,200.0
202502,25,第25章  盐；硫磺；泥土及石料；石膏料、石灰及水泥,231,毛里求斯,6681.0
202502,25,第25章  盐；硫磺；泥土及石料；石膏料、石灰及水泥,234,纳米比亚,59880.0
202502,25,第25章  盐；硫磺；泥土及石料；石膏料、石灰及水泥,237,留尼汪,6762.0
202502,25,第25章  盐；硫磺；泥土及石料；石膏料、石灰及水泥,240,塞内加尔,76274.0
202502,25,第25章  盐；硫磺；泥土及石料；石膏料、石灰及水泥,242,塞拉利昂,337.0
202502,25,第25章  盐；硫磺；泥土及石料；石膏料、石灰及水泥,260,南苏丹,5589.0
202502,25,第25章  盐；硫磺；泥土及石料；石膏料、石灰及水泥,303,英国,859157.0
202502,25,第25章  盐；硫磺；泥土及石料；石膏料、石灰及水泥,304,德国,461709.0
202502,25,第25章  盐；硫磺；泥土及石料；石膏料、石灰及水泥,324,马耳他,908.0
202502,25,第25章  盐；硫磺；泥土及石料；石膏料、石灰及水泥,344,俄罗斯,5315131.0
202502,25,第25章  盐；硫磺；泥土及石料；石膏料、石灰及水泥,351,克罗地亚,80230.0
202502,25,第25章  盐；硫磺；泥土及石料；石膏料、石灰及水泥,358,塞尔维亚,24596.0
202502,25,第25章  盐；硫磺；泥土及石料；石膏料、石灰及水泥,424,圭亚那,343597.0
202502,25,第25章  盐；硫磺；泥土及石料；石膏料、石灰及水泥,428,马提尼克,1146.0
202502,25,第25章  盐；硫磺；泥土及石料；石膏料、石灰及水泥,440,萨尔瓦多,39219.0
202502,25,第25章  盐；硫磺；泥土及石料；石膏料、石灰及水泥,441,苏里南,42.0
202502,25,第25章  盐；硫磺；泥土及石料；石膏料、石灰及水泥,502,美国,5067726.0
202502,25,第25章  盐；硫磺；泥土及石料；石膏料、石灰及水泥,601,澳大利亚,2108795.0
202502,25,第25章  盐；硫磺；泥土及石料；石膏料、石灰及水泥,607,新喀里多尼亚,2276.0
202502,25,第25章  盐；硫磺；泥土及石料；石膏料、石灰及水泥,618,基里巴斯,57750.0
202502,26,第26章  矿砂、矿渣及矿灰,110,中国香港,619863.0
202502,26,第26章  矿砂、矿渣及矿灰,111,印度,12801638.0
202502,26,第26章  矿砂、矿渣及矿灰,112,印度尼西亚,22789597.0
202502,26,第26章  矿砂、矿渣及矿灰,113,伊朗,18060.0
202502,26,第26章  矿砂、矿渣及矿灰,116,日本,144028614.0
202502,26,第26章  矿砂、矿渣及矿灰,122,马来西亚,5480238.0
202502,26,第26章  矿砂、矿渣及矿灰,126,阿曼,52800.0
202502,26,第26章  矿砂、矿渣及矿灰,132,新加坡,303.0
202502,26,第26章  矿砂、矿渣及矿灰,133,韩国,57288668.0
202502,26,第26章  矿砂、矿渣及矿灰,136,泰国,8503045.0
202502,26,第26章  矿砂、矿渣及矿灰,139,也门,2709.0
202502,26,第26章  矿砂、矿渣及矿灰,141,越南,1420409.0
202502,26,第26章  矿砂、矿渣及矿灰,143,中国台湾,33947257.0
202502,26,第26章  矿砂、矿渣及矿灰,145,哈萨克斯坦,16775.0
202502,26,第26章  矿砂、矿渣及矿灰,149,乌兹别克斯坦,39822.0
202502,26,第26章  矿砂、矿渣及矿灰,202,安哥拉,4184.0
202502,26,第26章  矿砂、矿渣及矿灰,206,喀麦隆,117670.0
202502,26,第26章  矿砂、矿渣及矿灰,221,几内亚,64227.0
202502,26,第26章  矿砂、矿渣及矿灰,303,英国,41959.0
202502,26,第26章  矿砂、矿渣及矿灰,344,俄罗斯,2369266.0
202502,26,第26章  矿砂、矿渣及矿灰,502,美国,163482.0
202502,26,第26章  矿砂、矿渣及矿灰,601,澳大利亚,184146.0
202502,27,第27章  矿物燃料、矿物油及其蒸馏产品；沥青物质；矿物蜡,102,巴林,7289134.0
202502,27,第27章  矿物燃料、矿物油及其蒸馏产品；沥青物质；矿物蜡,110,中国香港,844628028.0
202502,27,第27章  矿物燃料、矿物油及其蒸馏产品；沥青物质；矿物蜡,111,印度,42772279.0
202502,27,第27章  矿物燃料、矿物油及其蒸馏产品；沥青物质；矿物蜡,112,印度尼西亚,175271110.0
202502,27,第27章  矿物燃料、矿物油及其蒸馏产品；沥青物质；矿物蜡,113,伊朗,4429823.0
202502,27,第27章  矿物燃料、矿物油及其蒸馏产品；沥青物质；矿物蜡,116,日本,415178459.0
202502,27,第27章  矿物燃料、矿物油及其蒸馏产品；沥青物质；矿物蜡,119,老挝,2264055.0
202502,27,第27章  矿物燃料、矿物油及其蒸馏产品；沥青物质；矿物蜡,120,黎巴嫩,58875.0
202502,27,第27章  矿物燃料、矿物油及其蒸馏产品；沥青物质；矿物蜡,122,马来西亚,290491759.0
202502,27,第27章  矿物燃料、矿物油及其蒸馏产品；沥青物质；矿物蜡,125,尼泊尔,30383.0
202502,27,第27章  矿物燃料、矿物油及其蒸馏产品；沥青物质；矿物蜡,126,阿曼,3078804.0
202502,27,第27章  矿物燃料、矿物油及其蒸馏产品；沥青物质；矿物蜡,132,新加坡,238130996.0
202502,27,第27章  矿物燃料、矿物油及其蒸馏产品；沥青物质；矿物蜡,133,韩国,70659097.0
202502,27,第27章  矿物燃料、矿物油及其蒸馏产品；沥青物质；矿物蜡,136,泰国,79426477.0
202502,27,第27章  矿物燃料、矿物油及其蒸馏产品；沥青物质；矿物蜡,139,也门,43750.0
202502,27,第27章  矿物燃料、矿物油及其蒸馏产品；沥青物质；矿物蜡,141,越南,149175842.0
202502,27,第27章  矿物燃料、矿物油及其蒸馏产品；沥青物质；矿物蜡,143,中国台湾,13471345.0
202502,27,第27章  矿物燃料、矿物油及其蒸馏产品；沥青物质；矿物蜡,145,哈萨克斯坦,4294317.0
202502,27,第27章  矿物燃料、矿物油及其蒸馏产品；沥青物质；矿物蜡,148,土库曼斯坦,79946.0
202502,27,第27章  矿物燃料、矿物油及其蒸馏产品；沥青物质；矿物蜡,149,乌兹别克斯坦,7076562.0
202502,27,第27章  矿物燃料、矿物油及其蒸馏产品；沥青物质；矿物蜡,151,亚美尼亚,3118.0
202502,27,第27章  矿物燃料、矿物油及其蒸馏产品；沥青物质；矿物蜡,152,阿塞拜疆,1134067.0
202502,27,第27章  矿物燃料、矿物油及其蒸馏产品；沥青物质；矿物蜡,202,安哥拉,1007366.0
202502,27,第27章  矿物燃料、矿物油及其蒸馏产品；沥青物质；矿物蜡,206,喀麦隆,960813.0
202502,27,第27章  矿物燃料、矿物油及其蒸馏产品；沥青物质；矿物蜡,212,科摩罗,15600.0
202502,27,第27章  矿物燃料、矿物油及其蒸馏产品；沥青物质；矿物蜡,217,埃塞俄比亚,49009614.0
202502,27,第27章  矿物燃料、矿物油及其蒸馏产品；沥青物质；矿物蜡,218,加蓬,642075.0
202502,27,第27章  矿物燃料、矿物油及其蒸馏产品；沥青物质；矿物蜡,221,几内亚,862627.0
202502,27,第27章  矿物燃料、矿物油及其蒸馏产品；沥青物质；矿物蜡,223,科特迪瓦,200845.0
202502,27,第27章  矿物燃料、矿物油及其蒸馏产品；沥青物质；矿物蜡,225,利比里亚,176234730.0
202502,27,第27章  矿物燃料、矿物油及其蒸馏产品；沥青物质；矿物蜡,230,毛里塔尼亚,7902.0
202502,27,第27章  矿物燃料、矿物油及其蒸馏产品；沥青物质；矿物蜡,240,塞内加尔,303857.0
202502,27,第27章  矿物燃料、矿物油及其蒸馏产品；沥青物质；矿物蜡,242,塞拉利昂,251924.0
202502,27,第27章  矿物燃料、矿物油及其蒸馏产品；沥青物质；矿物蜡,249,突尼斯,57916.0
202502,27,第27章  矿物燃料、矿物油及其蒸馏产品；沥青物质；矿物蜡,303,英国,9776122.0
202502,27,第27章  矿物燃料、矿物油及其蒸馏产品；沥青物质；矿物蜡,304,德国,20097217.0
202502,27,第27章  矿物燃料、矿物油及其蒸馏产品；沥青物质；矿物蜡,324,马耳他,69188906.0
202502,27,第27章  矿物燃料、矿物油及其蒸馏产品；沥青物质；矿物蜡,344,俄罗斯,6422608.0
202502,27,第27章  矿物燃料、矿物油及其蒸馏产品；沥青物质；矿物蜡,351,克罗地亚,48094.0
202502,27,第27章  矿物燃料、矿物油及其蒸馏产品；沥青物质；矿物蜡,358,塞尔维亚,401122.0
202502,27,第27章  矿物燃料、矿物油及其蒸馏产品；沥青物质；矿物蜡,401,安提瓜和巴布达,3251918.0
202502,27,第27章  矿物燃料、矿物油及其蒸馏产品；沥青物质；矿物蜡,424,圭亚那,137786.0
202502,27,第27章  矿物燃料、矿物油及其蒸馏产品；沥青物质；矿物蜡,425,海地,39230.0
202502,27,第27章  矿物燃料、矿物油及其蒸馏产品；沥青物质；矿物蜡,440,萨尔瓦多,111720.0
202502,27,第27章  矿物燃料、矿物油及其蒸馏产品；沥青物质；矿物蜡,441,苏里南,863.0
202502,27,第27章  矿物燃料、矿物油及其蒸馏产品；沥青物质；矿物蜡,502,美国,49123166.0
202502,27,第27章  矿物燃料、矿物油及其蒸馏产品；沥青物质；矿物蜡,601,澳大利亚,132512964.0
202502,27,第27章  矿物燃料、矿物油及其蒸馏产品；沥青物质；矿物蜡,618,基里巴斯,132720.0
202502,28,第28章  无机化学品；贵金属、稀土金属、放射性元素及其同位素的有机及无机化合物,102,巴林,969385.0
202502,28,第28章  无机化学品；贵金属、稀土金属、放射性元素及其同位素的有机及无机化合物,104,不丹,63112.0
202502,28,第28章  无机化学品；贵金属、稀土金属、放射性元素及其同位素的有机及无机化合物,110,中国香港,9242458.0
202502,28,第28章  无机化学品；贵金属、稀土金属、放射性元素及其同位素的有机及无机化合物,111,印度,66315503.0
202502,28,第28章  无机化学品；贵金属、稀土金属、放射性元素及其同位素的有机及无机化合物,112,印度尼西亚,117670977.0
202502,28,第28章  无机化学品；贵金属、稀土金属、放射性元素及其同位素的有机及无机化合物,113,伊朗,1497661.0
202502,28,第28章  无机化学品；贵金属、稀土金属、放射性元素及其同位素的有机及无机化合物,116,日本,135583345.0
202502,28,第28章  无机化学品；贵金属、稀土金属、放射性元素及其同位素的有机及无机化合物,119,老挝,2830914.0
202502,28,第28章  无机化学品；贵金属、稀土金属、放射性元素及其同位素的有机及无机化合物,120,黎巴嫩,117492.0
202502,28,第28章  无机化学品；贵金属、稀土金属、放射性元素及其同位素的有机及无机化合物,122,马来西亚,67731898.0
202502,28,第28章  无机化学品；贵金属、稀土金属、放射性元素及其同位素的有机及无机化合物,125,尼泊尔,9420.0
202502,28,第28章  无机化学品；贵金属、稀土金属、放射性元素及其同位素的有机及无机化合物,126,阿曼,11195756.0
202502,28,第28章  无机化学品；贵金属、稀土金属、放射性元素及其同位素的有机及无机化合物,132,新加坡,6964741.0
202502,28,第28章  无机化学品；贵金属、稀土金属、放射性元素及其同位素的有机及无机化合物,133,韩国,330910698.0
202502,28,第28章  无机化学品；贵金属、稀土金属、放射性元素及其同位素的有机及无机化合物,135,叙利亚,92145.0
202502,28,第28章  无机化学品；贵金属、稀土金属、放射性元素及其同位素的有机及无机化合物,136,泰国,84246117.0
202502,28,第28章  无机化学品；贵金属、稀土金属、放射性元素及其同位素的有机及无机化合物,139,也门,91659.0
202502,28,第28章  无机化学品；贵金属、稀土金属、放射性元素及其同位素的有机及无机化合物,141,越南,80138450.0
202502,28,第28章  无机化学品；贵金属、稀土金属、放射性元素及其同位素的有机及无机化合物,143,中国台湾,38067733.0
202502,28,第28章  无机化学品；贵金属、稀土金属、放射性元素及其同位素的有机及无机化合物,145,哈萨克斯坦,7441465.0
202502,28,第28章  无机化学品；贵金属、稀土金属、放射性元素及其同位素的有机及无机化合物,148,土库曼斯坦,247531.0
202502,28,第28章  无机化学品；贵金属、稀土金属、放射性元素及其同位素的有机及无机化合物,149,乌兹别克斯坦,1366166.0
202502,28,第28章  无机化学品；贵金属、稀土金属、放射性元素及其同位素的有机及无机化合物,150,格鲁吉亚,205879.0
202502,28,第28章  无机化学品；贵金属、稀土金属、放射性元素及其同位素的有机及无机化合物,152,阿塞拜疆,83263.0
202502,28,第28章  无机化学品；贵金属、稀土金属、放射性元素及其同位素的有机及无机化合物,202,安哥拉,392347.0
202502,28,第28章  无机化学品；贵金属、稀土金属、放射性元素及其同位素的有机及无机化合物,204,博茨瓦纳,112476.0
202502,28,第28章  无机化学品；贵金属、稀土金属、放射性元素及其同位素的有机及无机化合物,206,喀麦隆,223383.0
202502,28,第28章  无机化学品；贵金属、稀土金属、放射性元素及其同位素的有机及无机化合物,217,埃塞俄比亚,112391.0
202502,28,第28章  无机化学品；贵金属、稀土金属、放射性元素及其同位素的有机及无机化合物,218,加蓬,119340.0
202502,28,第28章  无机化学品；贵金属、稀土金属、放射性元素及其同位素的有机及无机化合物,221,几内亚,1364554.0
202502,28,第28章  无机化学品；贵金属、稀土金属、放射性元素及其同位素的有机及无机化合物,223,科特迪瓦,1653716.0
202502,28,第28章  无机化学品；贵金属、稀土金属、放射性元素及其同位素的有机及无机化合物,225,利比里亚,1480262.0
202502,28,第28章  无机化学品；贵金属、稀土金属、放射性元素及其同位素的有机及无机化合物,230,毛里塔尼亚,622895.0
202502,28,第28章  无机化学品；贵金属、稀土金属、放射性元素及其同位素的有机及无机化合物,231,毛里求斯,219085.0
202502,28,第28章  无机化学品；贵金属、稀土金属、放射性元素及其同位素的有机及无机化合物,234,纳米比亚,790089.0
202502,28,第28章  无机化学品；贵金属、稀土金属、放射性元素及其同位素的有机及无机化合物,237,留尼汪,1500.0
202502,28,第28章  无机化学品；贵金属、稀土金属、放射性元素及其同位素的有机及无机化合物,240,塞内加尔,435046.0
202502,28,第28章  无机化学品；贵金属、稀土金属、放射性元素及其同位素的有机及无机化合物,242,塞拉利昂,49.0
202502,28,第28章  无机化学品；贵金属、稀土金属、放射性元素及其同位素的有机及无机化合物,243,索马里,4198.0
202502,28,第28章  无机化学品；贵金属、稀土金属、放射性元素及其同位素的有机及无机化合物,249,突尼斯,242980.0
202502,28,第28章  无机化学品；贵金属、稀土金属、放射性元素及其同位素的有机及无机化合物,260,南苏丹,38976.0
202502,28,第28章  无机化学品；贵金属、稀土金属、放射性元素及其同位素的有机及无机化合物,303,英国,15933473.0
202502,28,第28章  无机化学品；贵金属、稀土金属、放射性元素及其同位素的有机及无机化合物,304,德国,17813260.0
202502,28,第28章  无机化学品；贵金属、稀土金属、放射性元素及其同位素的有机及无机化合物,324,马耳他,46774.0
202502,28,第28章  无机化学品；贵金属、稀土金属、放射性元素及其同位素的有机及无机化合物,344,俄罗斯,124428392.0
202502,28,第28章  无机化学品；贵金属、稀土金属、放射性元素及其同位素的有机及无机化合物,351,克罗地亚,221784.0
202502,28,第28章  无机化学品；贵金属、稀土金属、放射性元素及其同位素的有机及无机化合物,358,塞尔维亚,3311510.0
202502,28,第28章  无机化学品；贵金属、稀土金属、放射性元素及其同位素的有机及无机化合物,424,圭亚那,119313.0
202502,28,第28章  无机化学品；贵金属、稀土金属、放射性元素及其同位素的有机及无机化合物,425,海地,30780.0
202502,28,第28章  无机化学品；贵金属、稀土金属、放射性元素及其同位素的有机及无机化合物,440,萨尔瓦多,517467.0
202502,28,第28章  无机化学品；贵金属、稀土金属、放射性元素及其同位素的有机及无机化合物,441,苏里南,516479.0
202502,28,第28章  无机化学品；贵金属、稀土金属、放射性元素及其同位素的有机及无机化合物,502,美国,52955603.0
202502,28,第28章  无机化学品；贵金属、稀土金属、放射性元素及其同位素的有机及无机化合物,601,澳大利亚,74295781.0
202502,28,第28章  无机化学品；贵金属、稀土金属、放射性元素及其同位素的有机及无机化合物,607,新喀里多尼亚,17241.0
202502,28,第28章  无机化学品；贵金属、稀土金属、放射性元素及其同位素的有机及无机化合物,618,基里巴斯,20778.0
202502,29,第29章  有机化学品,102,巴林,361356.0
202502,29,第29章  有机化学品,110,中国香港,23890355.0
202502,29,第29章  有机化学品,111,印度,818214040.0
202502,29,第29章  有机化学品,112,印度尼西亚,143020203.0
202502,29,第29章  有机化学品,113,伊朗,7830251.0
202502,29,第29章  有机化学品,116,日本,222438917.0
202502,29,第29章  有机化学品,119,老挝,2236437.0
202502,29,第29章  有机化学品,120,黎巴嫩,2682722.0
202502,29,第29章  有机化学品,122,马来西亚,90362518.0
202502,29,第29章  有机化学品,125,尼泊尔,1770081.0
202502,29,第29章  有机化学品,126,阿曼,26728559.0
202502,29,第29章  有机化学品,132,新加坡,170920266.0
202502,29,第29章  有机化学品,133,韩国,374419293.0
202502,29,第29章  有机化学品,135,叙利亚,608997.0
202502,29,第29章  有机化学品,136,泰国,138655122.0
202502,29,第29章  有机化学品,139,也门,422313.0
202502,29,第29章  有机化学品,141,越南,208644876.0
202502,29,第29章  有机化学品,143,中国台湾,123768368.0
202502,29,第29章  有机化学品,145,哈萨克斯坦,5999446.0
202502,29,第29章  有机化学品,148,土库曼斯坦,499884.0
202502,29,第29章  有机化学品,149,乌兹别克斯坦,7419975.0
202502,29,第29章  有机化学品,150,格鲁吉亚,890340.0
202502,29,第29章  有机化学品,151,亚美尼亚,19656.0
202502,29,第29章  有机化学品,152,阿塞拜疆,195279.0
202502,29,第29章  有机化学品,202,安哥拉,812701.0
202502,29,第29章  有机化学品,205,布隆迪,5.0
202502,29,第29章  有机化学品,206,喀麦隆,1543143.0
202502,29,第29章  有机化学品,217,埃塞俄比亚,848407.0
202502,29,第29章  有机化学品,218,加蓬,13481.0
202502,29,第29章  有机化学品,221,几内亚,163707.0
202502,29,第29章  有机化学品,223,科特迪瓦,3095508.0
202502,29,第29章  有机化学品,225,利比里亚,195323.0
202502,29,第29章  有机化学品,230,毛里塔尼亚,381552.0
202502,29,第29章  有机化学品,231,毛里求斯,113930.0
202502,29,第29章  有机化学品,234,纳米比亚,105536.0
202502,29,第29章  有机化学品,240,塞内加尔,2154145.0
202502,29,第29章  有机化学品,242,塞拉利昂,338085.0
202502,29,第29章  有机化学品,243,索马里,179992.0
202502,29,第29章  有机化学品,249,突尼斯,3887162.0
202502,29,第29章  有机化学品,260,南苏丹,6205.0
202502,29,第29章  有机化学品,303,英国,64714673.0
202502,29,第29章  有机化学品,304,德国,195205248.0
202502,29,第29章  有机化学品,324,马耳他,725424.0
202502,29,第29章  有机化学品,344,俄罗斯,162769445.0
202502,29,第29章  有机化学品,351,克罗地亚,5861812.0
202502,29,第29章  有机化学品,358,塞尔维亚,3997996.0
202502,29,第29章  有机化学品,414,多米尼克,21920.0
202502,29,第29章  有机化学品,424,圭亚那,121506.0
202502,29,第29章  有机化学品,425,海地,125664.0
202502,29,第29章  有机化学品,437,圣卢西亚,25559.0
202502,29,第29章  有机化学品,440,萨尔瓦多,2273661.0
202502,29,第29章  有机化学品,441,苏里南,10099.0
202502,29,第29章  有机化学品,502,美国,493039919.0
202502,29,第29章  有机化学品,601,澳大利亚,52557099.0
202502,30,第30章  药品,102,巴林,6138.0
202502,30,第30章  药品,110,中国香港,26401210.0
202502,30,第30章  药品,111,印度,21944267.0
202502,30,第30章  药品,112,印度尼西亚,5378568.0
202502,30,第30章  药品,113,伊朗,1222187.0
202502,30,第30章  药品,116,日本,17433548.0
202502,30,第30章  药品,119,老挝,1176519.0
202502,30,第30章  药品,120,黎巴嫩,396044.0
202502,30,第30章  药品,122,马来西亚,6753454.0
202502,30,第30章  药品,125,尼泊尔,203799.0
202502,30,第30章  药品,126,阿曼,340129.0
202502,30,第30章  药品,132,新加坡,3791896.0
202502,30,第30章  药品,133,韩国,18987274.0
202502,30,第30章  药品,135,叙利亚,1.0
202502,30,第30章  药品,136,泰国,8063286.0
202502,30,第30章  药品,139,也门,987548.0
202502,30,第30章  药品,141,越南,7440689.0
202502,30,第30章  药品,143,中国台湾,3623054.0
202502,30,第30章  药品,145,哈萨克斯坦,1377829.0
202502,30,第30章  药品,148,土库曼斯坦,257566.0
202502,30,第30章  药品,149,乌兹别克斯坦,3576577.0
202502,30,第30章  药品,150,格鲁吉亚,511636.0
202502,30,第30章  药品,151,亚美尼亚,26161.0
202502,30,第30章  药品,152,阿塞拜疆,424412.0
202502,30,第30章  药品,202,安哥拉,2818957.0
202502,30,第30章  药品,204,博茨瓦纳,45950.0
202502,30,第30章  药品,205,布隆迪,36921.0
202502,30,第30章  药品,206,喀麦隆,1985119.0
202502,30,第30章  药品,217,埃塞俄比亚,1615573.0
202502,30,第30章  药品,218,加蓬,25571.0
202502,30,第30章  药品,221,几内亚,179751.0
202502,30,第30章  药品,223,科特迪瓦,1012395.0
202502,30,第30章  药品,225,利比里亚,75120.0
202502,30,第30章  药品,230,毛里塔尼亚,172171.0
202502,30,第30章  药品,231,毛里求斯,39383.0
202502,30,第30章  药品,234,纳米比亚,900.0
202502,30,第30章  药品,240,塞内加尔,534762.0
202502,30,第30章  药品,242,塞拉利昂,893053.0
202502,30,第30章  药品,243,索马里,522311.0
202502,30,第30章  药品,249,突尼斯,2086175.0
202502,30,第30章  药品,260,南苏丹,197775.0
202502,30,第30章  药品,303,英国,34028291.0
202502,30,第30章  药品,304,德国,18236527.0
202502,30,第30章  药品,324,马耳他,74905.0
202502,30,第30章  药品,344,俄罗斯,6887552.0
202502,30,第30章  药品,351,克罗地亚,445194.0
202502,30,第30章  药品,358,塞尔维亚,851963.0
202502,30,第30章  药品,424,圭亚那,3099.0
202502,30,第30章  药品,425,海地,23614.0
202502,30,第30章  药品,440,萨尔瓦多,635021.0
202502,30,第30章  药品,441,苏里南,8697.0
202502,30,第30章  药品,502,美国,168445636.0
202502,30,第30章  药品,601,澳大利亚,32445402.0
202502,30,第30章  药品,607,新喀里多尼亚,75.0
202502,31,第31章  肥料,110,中国香港,239845.0
202502,31,第31章  肥料,111,印度,8152754.0
202502,31,第31章  肥料,112,印度尼西亚,22530066.0
202502,31,第31章  肥料,113,伊朗,622950.0
202502,31,第31章  肥料,116,日本,3571200.0
202502,31,第31章  肥料,119,老挝,6736629.0
202502,31,第31章  肥料,120,黎巴嫩,152281.0
202502,31,第31章  肥料,122,马来西亚,13130360.0
202502,31,第31章  肥料,125,尼泊尔,15860.0
202502,31,第31章  肥料,126,阿曼,46316.0
202502,31,第31章  肥料,132,新加坡,29301.0
202502,31,第31章  肥料,133,韩国,6558730.0
202502,31,第31章  肥料,136,泰国,3309868.0
202502,31,第31章  肥料,139,也门,546694.0
202502,31,第31章  肥料,141,越南,44852102.0
202502,31,第31章  肥料,143,中国台湾,792155.0
202502,31,第31章  肥料,148,土库曼斯坦,114048.0
202502,31,第31章  肥料,149,乌兹别克斯坦,3280.0
202502,31,第31章  肥料,150,格鲁吉亚,69600.0
202502,31,第31章  肥料,152,阿塞拜疆,13450.0
202502,31,第31章  肥料,202,安哥拉,573195.0
202502,31,第31章  肥料,206,喀麦隆,196802.0
202502,31,第31章  肥料,212,科摩罗,11613.0
202502,31,第31章  肥料,217,埃塞俄比亚,19746238.0
202502,31,第31章  肥料,223,科特迪瓦,1172628.0
202502,31,第31章  肥料,225,利比里亚,2.0
202502,31,第31章  肥料,249,突尼斯,8135.0
202502,31,第31章  肥料,303,英国,6900.0
202502,31,第31章  肥料,304,德国,33325.0
202502,31,第31章  肥料,344,俄罗斯,215206.0
202502,31,第31章  肥料,440,萨尔瓦多,3580073.0
202502,31,第31章  肥料,441,苏里南,4997.0
202502,31,第31章  肥料,502,美国,531630.0
202502,31,第31章  肥料,601,澳大利亚,21512919.0
202502,32,第32章  鞣料浸膏及染料浸膏；鞣酸及其衍生物；染料、颜料及其他着色料；油漆及清漆；油灰及其他类似胶粘剂；墨水、油墨,102,巴林,284692.0
202502,32,第32章  鞣料浸膏及染料浸膏；鞣酸及其衍生物；染料、颜料及其他着色料；油漆及清漆；油灰及其他类似胶粘剂；墨水、油墨,104,不丹,476.0
202502,32,第32章  鞣料浸膏及染料浸膏；鞣酸及其衍生物；染料、颜料及其他着色料；油漆及清漆；油灰及其他类似胶粘剂；墨水、油墨,110,中国香港,8149929.0
202502,32,第32章  鞣料浸膏及染料浸膏；鞣酸及其衍生物；染料、颜料及其他着色料；油漆及清漆；油灰及其他类似胶粘剂；墨水、油墨,111,印度,101428738.0
202502,32,第32章  鞣料浸膏及染料浸膏；鞣酸及其衍生物；染料、颜料及其他着色料；油漆及清漆；油灰及其他类似胶粘剂；墨水、油墨,112,印度尼西亚,32949837.0
202502,32,第32章  鞣料浸膏及染料浸膏；鞣酸及其衍生物；染料、颜料及其他着色料；油漆及清漆；油灰及其他类似胶粘剂；墨水、油墨,113,伊朗,2770280.0
202502,32,第32章  鞣料浸膏及染料浸膏；鞣酸及其衍生物；染料、颜料及其他着色料；油漆及清漆；油灰及其他类似胶粘剂；墨水、油墨,116,日本,15901622.0
202502,32,第32章  鞣料浸膏及染料浸膏；鞣酸及其衍生物；染料、颜料及其他着色料；油漆及清漆；油灰及其他类似胶粘剂；墨水、油墨,119,老挝,208163.0
202502,32,第32章  鞣料浸膏及染料浸膏；鞣酸及其衍生物；染料、颜料及其他着色料；油漆及清漆；油灰及其他类似胶粘剂；墨水、油墨,120,黎巴嫩,834344.0
202502,32,第32章  鞣料浸膏及染料浸膏；鞣酸及其衍生物；染料、颜料及其他着色料；油漆及清漆；油灰及其他类似胶粘剂；墨水、油墨,122,马来西亚,17383945.0
202502,32,第32章  鞣料浸膏及染料浸膏；鞣酸及其衍生物；染料、颜料及其他着色料；油漆及清漆；油灰及其他类似胶粘剂；墨水、油墨,125,尼泊尔,256979.0
202502,32,第32章  鞣料浸膏及染料浸膏；鞣酸及其衍生物；染料、颜料及其他着色料；油漆及清漆；油灰及其他类似胶粘剂；墨水、油墨,126,阿曼,526723.0
202502,32,第32章  鞣料浸膏及染料浸膏；鞣酸及其衍生物；染料、颜料及其他着色料；油漆及清漆；油灰及其他类似胶粘剂；墨水、油墨,132,新加坡,8501424.0
202502,32,第32章  鞣料浸膏及染料浸膏；鞣酸及其衍生物；染料、颜料及其他着色料；油漆及清漆；油灰及其他类似胶粘剂；墨水、油墨,133,韩国,31984824.0
202502,32,第32章  鞣料浸膏及染料浸膏；鞣酸及其衍生物；染料、颜料及其他着色料；油漆及清漆；油灰及其他类似胶粘剂；墨水、油墨,135,叙利亚,217496.0
202502,32,第32章  鞣料浸膏及染料浸膏；鞣酸及其衍生物；染料、颜料及其他着色料；油漆及清漆；油灰及其他类似胶粘剂；墨水、油墨,136,泰国,25273170.0
202502,32,第32章  鞣料浸膏及染料浸膏；鞣酸及其衍生物；染料、颜料及其他着色料；油漆及清漆；油灰及其他类似胶粘剂；墨水、油墨,139,也门,339024.0
202502,32,第32章  鞣料浸膏及染料浸膏；鞣酸及其衍生物；染料、颜料及其他着色料；油漆及清漆；油灰及其他类似胶粘剂；墨水、油墨,141,越南,47979232.0
202502,32,第32章  鞣料浸膏及染料浸膏；鞣酸及其衍生物；染料、颜料及其他着色料；油漆及清漆；油灰及其他类似胶粘剂；墨水、油墨,143,中国台湾,13668971.0
202502,32,第32章  鞣料浸膏及染料浸膏；鞣酸及其衍生物；染料、颜料及其他着色料；油漆及清漆；油灰及其他类似胶粘剂；墨水、油墨,145,哈萨克斯坦,3770873.0
202502,32,第32章  鞣料浸膏及染料浸膏；鞣酸及其衍生物；染料、颜料及其他着色料；油漆及清漆；油灰及其他类似胶粘剂；墨水、油墨,148,土库曼斯坦,55844.0
202502,32,第32章  鞣料浸膏及染料浸膏；鞣酸及其衍生物；染料、颜料及其他着色料；油漆及清漆；油灰及其他类似胶粘剂；墨水、油墨,149,乌兹别克斯坦,2668973.0
202502,32,第32章  鞣料浸膏及染料浸膏；鞣酸及其衍生物；染料、颜料及其他着色料；油漆及清漆；油灰及其他类似胶粘剂；墨水、油墨,150,格鲁吉亚,148294.0
202502,32,第32章  鞣料浸膏及染料浸膏；鞣酸及其衍生物；染料、颜料及其他着色料；油漆及清漆；油灰及其他类似胶粘剂；墨水、油墨,151,亚美尼亚,67080.0
202502,32,第32章  鞣料浸膏及染料浸膏；鞣酸及其衍生物；染料、颜料及其他着色料；油漆及清漆；油灰及其他类似胶粘剂；墨水、油墨,152,阿塞拜疆,445131.0
202502,32,第32章  鞣料浸膏及染料浸膏；鞣酸及其衍生物；染料、颜料及其他着色料；油漆及清漆；油灰及其他类似胶粘剂；墨水、油墨,202,安哥拉,928825.0
202502,32,第32章  鞣料浸膏及染料浸膏；鞣酸及其衍生物；染料、颜料及其他着色料；油漆及清漆；油灰及其他类似胶粘剂；墨水、油墨,204,博茨瓦纳,1680.0
202502,32,第32章  鞣料浸膏及染料浸膏；鞣酸及其衍生物；染料、颜料及其他着色料；油漆及清漆；油灰及其他类似胶粘剂；墨水、油墨,205,布隆迪,15214.0
202502,32,第32章  鞣料浸膏及染料浸膏；鞣酸及其衍生物；染料、颜料及其他着色料；油漆及清漆；油灰及其他类似胶粘剂；墨水、油墨,206,喀麦隆,465984.0
202502,32,第32章  鞣料浸膏及染料浸膏；鞣酸及其衍生物；染料、颜料及其他着色料；油漆及清漆；油灰及其他类似胶粘剂；墨水、油墨,212,科摩罗,11745.0
202502,32,第32章  鞣料浸膏及染料浸膏；鞣酸及其衍生物；染料、颜料及其他着色料；油漆及清漆；油灰及其他类似胶粘剂；墨水、油墨,217,埃塞俄比亚,904528.0
202502,32,第32章  鞣料浸膏及染料浸膏；鞣酸及其衍生物；染料、颜料及其他着色料；油漆及清漆；油灰及其他类似胶粘剂；墨水、油墨,218,加蓬,82480.0
202502,32,第32章  鞣料浸膏及染料浸膏；鞣酸及其衍生物；染料、颜料及其他着色料；油漆及清漆；油灰及其他类似胶粘剂；墨水、油墨,221,几内亚,193813.0
202502,32,第32章  鞣料浸膏及染料浸膏；鞣酸及其衍生物；染料、颜料及其他着色料；油漆及清漆；油灰及其他类似胶粘剂；墨水、油墨,223,科特迪瓦,1720519.0
202502,32,第32章  鞣料浸膏及染料浸膏；鞣酸及其衍生物；染料、颜料及其他着色料；油漆及清漆；油灰及其他类似胶粘剂；墨水、油墨,225,利比里亚,5719344.0
202502,32,第32章  鞣料浸膏及染料浸膏；鞣酸及其衍生物；染料、颜料及其他着色料；油漆及清漆；油灰及其他类似胶粘剂；墨水、油墨,230,毛里塔尼亚,250057.0
202502,32,第32章  鞣料浸膏及染料浸膏；鞣酸及其衍生物；染料、颜料及其他着色料；油漆及清漆；油灰及其他类似胶粘剂；墨水、油墨,231,毛里求斯,179841.0
202502,32,第32章  鞣料浸膏及染料浸膏；鞣酸及其衍生物；染料、颜料及其他着色料；油漆及清漆；油灰及其他类似胶粘剂；墨水、油墨,234,纳米比亚,31472.0
202502,32,第32章  鞣料浸膏及染料浸膏；鞣酸及其衍生物；染料、颜料及其他着色料；油漆及清漆；油灰及其他类似胶粘剂；墨水、油墨,237,留尼汪,652.0
202502,32,第32章  鞣料浸膏及染料浸膏；鞣酸及其衍生物；染料、颜料及其他着色料；油漆及清漆；油灰及其他类似胶粘剂；墨水、油墨,240,塞内加尔,747312.0
202502,32,第32章  鞣料浸膏及染料浸膏；鞣酸及其衍生物；染料、颜料及其他着色料；油漆及清漆；油灰及其他类似胶粘剂；墨水、油墨,242,塞拉利昂,24312.0
202502,32,第32章  鞣料浸膏及染料浸膏；鞣酸及其衍生物；染料、颜料及其他着色料；油漆及清漆；油灰及其他类似胶粘剂；墨水、油墨,243,索马里,11902.0
202502,32,第32章  鞣料浸膏及染料浸膏；鞣酸及其衍生物；染料、颜料及其他着色料；油漆及清漆；油灰及其他类似胶粘剂；墨水、油墨,249,突尼斯,1778651.0
202502,32,第32章  鞣料浸膏及染料浸膏；鞣酸及其衍生物；染料、颜料及其他着色料；油漆及清漆；油灰及其他类似胶粘剂；墨水、油墨,260,南苏丹,4402.0
202502,32,第32章  鞣料浸膏及染料浸膏；鞣酸及其衍生物；染料、颜料及其他着色料；油漆及清漆；油灰及其他类似胶粘剂；墨水、油墨,303,英国,6081042.0
202502,32,第32章  鞣料浸膏及染料浸膏；鞣酸及其衍生物；染料、颜料及其他着色料；油漆及清漆；油灰及其他类似胶粘剂；墨水、油墨,304,德国,10919709.0
202502,32,第32章  鞣料浸膏及染料浸膏；鞣酸及其衍生物；染料、颜料及其他着色料；油漆及清漆；油灰及其他类似胶粘剂；墨水、油墨,324,马耳他,531883.0
202502,32,第32章  鞣料浸膏及染料浸膏；鞣酸及其衍生物；染料、颜料及其他着色料；油漆及清漆；油灰及其他类似胶粘剂；墨水、油墨,344,俄罗斯,18286020.0
202502,32,第32章  鞣料浸膏及染料浸膏；鞣酸及其衍生物；染料、颜料及其他着色料；油漆及清漆；油灰及其他类似胶粘剂；墨水、油墨,351,克罗地亚,439192.0
202502,32,第32章  鞣料浸膏及染料浸膏；鞣酸及其衍生物；染料、颜料及其他着色料；油漆及清漆；油灰及其他类似胶粘剂；墨水、油墨,358,塞尔维亚,303834.0
202502,32,第32章  鞣料浸膏及染料浸膏；鞣酸及其衍生物；染料、颜料及其他着色料；油漆及清漆；油灰及其他类似胶粘剂；墨水、油墨,401,安提瓜和巴布达,53655.0
202502,32,第32章  鞣料浸膏及染料浸膏；鞣酸及其衍生物；染料、颜料及其他着色料；油漆及清漆；油灰及其他类似胶粘剂；墨水、油墨,403,阿鲁巴,12596.0
202502,32,第32章  鞣料浸膏及染料浸膏；鞣酸及其衍生物；染料、颜料及其他着色料；油漆及清漆；油灰及其他类似胶粘剂；墨水、油墨,414,多米尼克,19712.0
202502,32,第32章  鞣料浸膏及染料浸膏；鞣酸及其衍生物；染料、颜料及其他着色料；油漆及清漆；油灰及其他类似胶粘剂；墨水、油墨,421,格林纳达,10501.0
202502,32,第32章  鞣料浸膏及染料浸膏；鞣酸及其衍生物；染料、颜料及其他着色料；油漆及清漆；油灰及其他类似胶粘剂；墨水、油墨,424,圭亚那,119780.0
202502,32,第32章  鞣料浸膏及染料浸膏；鞣酸及其衍生物；染料、颜料及其他着色料；油漆及清漆；油灰及其他类似胶粘剂；墨水、油墨,425,海地,35.0
202502,32,第32章  鞣料浸膏及染料浸膏；鞣酸及其衍生物；染料、颜料及其他着色料；油漆及清漆；油灰及其他类似胶粘剂；墨水、油墨,428,马提尼克,910.0
202502,32,第32章  鞣料浸膏及染料浸膏；鞣酸及其衍生物；染料、颜料及其他着色料；油漆及清漆；油灰及其他类似胶粘剂；墨水、油墨,440,萨尔瓦多,566738.0
202502,32,第32章  鞣料浸膏及染料浸膏；鞣酸及其衍生物；染料、颜料及其他着色料；油漆及清漆；油灰及其他类似胶粘剂；墨水、油墨,441,苏里南,20530.0
202502,32,第32章  鞣料浸膏及染料浸膏；鞣酸及其衍生物；染料、颜料及其他着色料；油漆及清漆；油灰及其他类似胶粘剂；墨水、油墨,502,美国,20883857.0
202502,32,第32章  鞣料浸膏及染料浸膏；鞣酸及其衍生物；染料、颜料及其他着色料；油漆及清漆；油灰及其他类似胶粘剂；墨水、油墨,601,澳大利亚,5216636.0
202502,33,第33章  精油及香膏；芳香料制品及化妆盥洗品,102,巴林,51515.0
202502,33,第33章  精油及香膏；芳香料制品及化妆盥洗品,104,不丹,674.0
202502,33,第33章  精油及香膏；芳香料制品及化妆盥洗品,110,中国香港,53832124.0
202502,33,第33章  精油及香膏；芳香料制品及化妆盥洗品,111,印度,9904307.0
202502,33,第33章  精油及香膏；芳香料制品及化妆盥洗品,112,印度尼西亚,26923197.0
202502,33,第33章  精油及香膏；芳香料制品及化妆盥洗品,113,伊朗,107847.0
202502,33,第33章  精油及香膏；芳香料制品及化妆盥洗品,116,日本,24593467.0
202502,33,第33章  精油及香膏；芳香料制品及化妆盥洗品,119,老挝,310782.0
202502,33,第33章  精油及香膏；芳香料制品及化妆盥洗品,120,黎巴嫩,60707.0
202502,33,第33章  精油及香膏；芳香料制品及化妆盥洗品,122,马来西亚,13860159.0
202502,33,第33章  精油及香膏；芳香料制品及化妆盥洗品,125,尼泊尔,83882.0
202502,33,第33章  精油及香膏；芳香料制品及化妆盥洗品,126,阿曼,138712.0
202502,33,第33章  精油及香膏；芳香料制品及化妆盥洗品,132,新加坡,6892084.0
202502,33,第33章  精油及香膏；芳香料制品及化妆盥洗品,133,韩国,23139522.0
202502,33,第33章  精油及香膏；芳香料制品及化妆盥洗品,135,叙利亚,20960.0
202502,33,第33章  精油及香膏；芳香料制品及化妆盥洗品,136,泰国,12611125.0
202502,33,第33章  精油及香膏；芳香料制品及化妆盥洗品,139,也门,242021.0
202502,33,第33章  精油及香膏；芳香料制品及化妆盥洗品,141,越南,11719521.0
202502,33,第33章  精油及香膏；芳香料制品及化妆盥洗品,143,中国台湾,8498208.0
202502,33,第33章  精油及香膏；芳香料制品及化妆盥洗品,145,哈萨克斯坦,1157210.0
202502,33,第33章  精油及香膏；芳香料制品及化妆盥洗品,148,土库曼斯坦,125215.0
202502,33,第33章  精油及香膏；芳香料制品及化妆盥洗品,149,乌兹别克斯坦,854102.0
202502,33,第33章  精油及香膏；芳香料制品及化妆盥洗品,150,格鲁吉亚,25687.0
202502,33,第33章  精油及香膏；芳香料制品及化妆盥洗品,151,亚美尼亚,776176.0
202502,33,第33章  精油及香膏；芳香料制品及化妆盥洗品,152,阿塞拜疆,170215.0
202502,33,第33章  精油及香膏；芳香料制品及化妆盥洗品,202,安哥拉,435443.0
202502,33,第33章  精油及香膏；芳香料制品及化妆盥洗品,204,博茨瓦纳,133.0
202502,33,第33章  精油及香膏；芳香料制品及化妆盥洗品,206,喀麦隆,85469.0
202502,33,第33章  精油及香膏；芳香料制品及化妆盥洗品,217,埃塞俄比亚,787622.0
202502,33,第33章  精油及香膏；芳香料制品及化妆盥洗品,221,几内亚,168214.0
202502,33,第33章  精油及香膏；芳香料制品及化妆盥洗品,223,科特迪瓦,227554.0
202502,33,第33章  精油及香膏；芳香料制品及化妆盥洗品,225,利比里亚,179167.0
202502,33,第33章  精油及香膏；芳香料制品及化妆盥洗品,230,毛里塔尼亚,996.0
202502,33,第33章  精油及香膏；芳香料制品及化妆盥洗品,231,毛里求斯,22149.0
202502,33,第33章  精油及香膏；芳香料制品及化妆盥洗品,234,纳米比亚,722.0
202502,33,第33章  精油及香膏；芳香料制品及化妆盥洗品,237,留尼汪,12.0
202502,33,第33章  精油及香膏；芳香料制品及化妆盥洗品,240,塞内加尔,89748.0
202502,33,第33章  精油及香膏；芳香料制品及化妆盥洗品,242,塞拉利昂,4605.0
202502,33,第33章  精油及香膏；芳香料制品及化妆盥洗品,243,索马里,36913.0
202502,33,第33章  精油及香膏；芳香料制品及化妆盥洗品,249,突尼斯,119564.0
202502,33,第33章  精油及香膏；芳香料制品及化妆盥洗品,303,英国,24123815.0
202502,33,第33章  精油及香膏；芳香料制品及化妆盥洗品,304,德国,6430623.0
202502,33,第33章  精油及香膏；芳香料制品及化妆盥洗品,324,马耳他,47619.0
202502,33,第33章  精油及香膏；芳香料制品及化妆盥洗品,344,俄罗斯,13258316.0
202502,33,第33章  精油及香膏；芳香料制品及化妆盥洗品,351,克罗地亚,70512.0
202502,33,第33章  精油及香膏；芳香料制品及化妆盥洗品,358,塞尔维亚,468644.0
202502,33,第33章  精油及香膏；芳香料制品及化妆盥洗品,401,安提瓜和巴布达,379.0
202502,33,第33章  精油及香膏；芳香料制品及化妆盥洗品,424,圭亚那,11289.0
202502,33,第33章  精油及香膏；芳香料制品及化妆盥洗品,425,海地,282944.0
202502,33,第33章  精油及香膏；芳香料制品及化妆盥洗品,428,马提尼克,616.0
202502,33,第33章  精油及香膏；芳香料制品及化妆盥洗品,440,萨尔瓦多,255310.0
202502,33,第33章  精油及香膏；芳香料制品及化妆盥洗品,441,苏里南,59972.0
202502,33,第33章  精油及香膏；芳香料制品及化妆盥洗品,502,美国,85674708.0
202502,33,第33章  精油及香膏；芳香料制品及化妆盥洗品,601,澳大利亚,8389697.0
202502,33,第33章  精油及香膏；芳香料制品及化妆盥洗品,607,新喀里多尼亚,40740.0
202502,34,第34章  肥皂、有机表面活性剂、洗涤剂、润滑剂、人造蜡、调制蜡、光洁剂、蜡烛及类似品、塑型用膏、“牙科用蜡”及牙科用熟石膏制剂,102,巴林,169267.0
202502,34,第34章  肥皂、有机表面活性剂、洗涤剂、润滑剂、人造蜡、调制蜡、光洁剂、蜡烛及类似品、塑型用膏、“牙科用蜡”及牙科用熟石膏制剂,104,不丹,742.0
202502,34,第34章  肥皂、有机表面活性剂、洗涤剂、润滑剂、人造蜡、调制蜡、光洁剂、蜡烛及类似品、塑型用膏、“牙科用蜡”及牙科用熟石膏制剂,110,中国香港,10671426.0
202502,34,第34章  肥皂、有机表面活性剂、洗涤剂、润滑剂、人造蜡、调制蜡、光洁剂、蜡烛及类似品、塑型用膏、“牙科用蜡”及牙科用熟石膏制剂,111,印度,11688825.0
202502,34,第34章  肥皂、有机表面活性剂、洗涤剂、润滑剂、人造蜡、调制蜡、光洁剂、蜡烛及类似品、塑型用膏、“牙科用蜡”及牙科用熟石膏制剂,112,印度尼西亚,18231479.0
202502,34,第34章  肥皂、有机表面活性剂、洗涤剂、润滑剂、人造蜡、调制蜡、光洁剂、蜡烛及类似品、塑型用膏、“牙科用蜡”及牙科用熟石膏制剂,113,伊朗,531968.0
202502,34,第34章  肥皂、有机表面活性剂、洗涤剂、润滑剂、人造蜡、调制蜡、光洁剂、蜡烛及类似品、塑型用膏、“牙科用蜡”及牙科用熟石膏制剂,116,日本,24479184.0
202502,34,第34章  肥皂、有机表面活性剂、洗涤剂、润滑剂、人造蜡、调制蜡、光洁剂、蜡烛及类似品、塑型用膏、“牙科用蜡”及牙科用熟石膏制剂,119,老挝,622490.0
202502,34,第34章  肥皂、有机表面活性剂、洗涤剂、润滑剂、人造蜡、调制蜡、光洁剂、蜡烛及类似品、塑型用膏、“牙科用蜡”及牙科用熟石膏制剂,120,黎巴嫩,377761.0
202502,34,第34章  肥皂、有机表面活性剂、洗涤剂、润滑剂、人造蜡、调制蜡、光洁剂、蜡烛及类似品、塑型用膏、“牙科用蜡”及牙科用熟石膏制剂,122,马来西亚,12934694.0
202502,34,第34章  肥皂、有机表面活性剂、洗涤剂、润滑剂、人造蜡、调制蜡、光洁剂、蜡烛及类似品、塑型用膏、“牙科用蜡”及牙科用熟石膏制剂,125,尼泊尔,117297.0
202502,34,第34章  肥皂、有机表面活性剂、洗涤剂、润滑剂、人造蜡、调制蜡、光洁剂、蜡烛及类似品、塑型用膏、“牙科用蜡”及牙科用熟石膏制剂,126,阿曼,826786.0
202502,34,第34章  肥皂、有机表面活性剂、洗涤剂、润滑剂、人造蜡、调制蜡、光洁剂、蜡烛及类似品、塑型用膏、“牙科用蜡”及牙科用熟石膏制剂,132,新加坡,5036828.0
202502,34,第34章  肥皂、有机表面活性剂、洗涤剂、润滑剂、人造蜡、调制蜡、光洁剂、蜡烛及类似品、塑型用膏、“牙科用蜡”及牙科用熟石膏制剂,133,韩国,14030094.0
202502,34,第34章  肥皂、有机表面活性剂、洗涤剂、润滑剂、人造蜡、调制蜡、光洁剂、蜡烛及类似品、塑型用膏、“牙科用蜡”及牙科用熟石膏制剂,135,叙利亚,10975.0
202502,34,第34章  肥皂、有机表面活性剂、洗涤剂、润滑剂、人造蜡、调制蜡、光洁剂、蜡烛及类似品、塑型用膏、“牙科用蜡”及牙科用熟石膏制剂,136,泰国,24648438.0
202502,34,第34章  肥皂、有机表面活性剂、洗涤剂、润滑剂、人造蜡、调制蜡、光洁剂、蜡烛及类似品、塑型用膏、“牙科用蜡”及牙科用熟石膏制剂,139,也门,960154.0
202502,34,第34章  肥皂、有机表面活性剂、洗涤剂、润滑剂、人造蜡、调制蜡、光洁剂、蜡烛及类似品、塑型用膏、“牙科用蜡”及牙科用熟石膏制剂,141,越南,31125479.0
202502,34,第34章  肥皂、有机表面活性剂、洗涤剂、润滑剂、人造蜡、调制蜡、光洁剂、蜡烛及类似品、塑型用膏、“牙科用蜡”及牙科用熟石膏制剂,143,中国台湾,9185496.0
202502,34,第34章  肥皂、有机表面活性剂、洗涤剂、润滑剂、人造蜡、调制蜡、光洁剂、蜡烛及类似品、塑型用膏、“牙科用蜡”及牙科用熟石膏制剂,145,哈萨克斯坦,1878400.0
202502,34,第34章  肥皂、有机表面活性剂、洗涤剂、润滑剂、人造蜡、调制蜡、光洁剂、蜡烛及类似品、塑型用膏、“牙科用蜡”及牙科用熟石膏制剂,148,土库曼斯坦,164092.0
202502,34,第34章  肥皂、有机表面活性剂、洗涤剂、润滑剂、人造蜡、调制蜡、光洁剂、蜡烛及类似品、塑型用膏、“牙科用蜡”及牙科用熟石膏制剂,149,乌兹别克斯坦,2423518.0
202502,34,第34章  肥皂、有机表面活性剂、洗涤剂、润滑剂、人造蜡、调制蜡、光洁剂、蜡烛及类似品、塑型用膏、“牙科用蜡”及牙科用熟石膏制剂,150,格鲁吉亚,72182.0
202502,34,第34章  肥皂、有机表面活性剂、洗涤剂、润滑剂、人造蜡、调制蜡、光洁剂、蜡烛及类似品、塑型用膏、“牙科用蜡”及牙科用熟石膏制剂,151,亚美尼亚,29134.0
202502,34,第34章  肥皂、有机表面活性剂、洗涤剂、润滑剂、人造蜡、调制蜡、光洁剂、蜡烛及类似品、塑型用膏、“牙科用蜡”及牙科用熟石膏制剂,152,阿塞拜疆,117684.0
202502,34,第34章  肥皂、有机表面活性剂、洗涤剂、润滑剂、人造蜡、调制蜡、光洁剂、蜡烛及类似品、塑型用膏、“牙科用蜡”及牙科用熟石膏制剂,202,安哥拉,610526.0
202502,34,第34章  肥皂、有机表面活性剂、洗涤剂、润滑剂、人造蜡、调制蜡、光洁剂、蜡烛及类似品、塑型用膏、“牙科用蜡”及牙科用熟石膏制剂,204,博茨瓦纳,20951.0
202502,34,第34章  肥皂、有机表面活性剂、洗涤剂、润滑剂、人造蜡、调制蜡、光洁剂、蜡烛及类似品、塑型用膏、“牙科用蜡”及牙科用熟石膏制剂,205,布隆迪,273.0
202502,34,第34章  肥皂、有机表面活性剂、洗涤剂、润滑剂、人造蜡、调制蜡、光洁剂、蜡烛及类似品、塑型用膏、“牙科用蜡”及牙科用熟石膏制剂,206,喀麦隆,1678727.0
202502,34,第34章  肥皂、有机表面活性剂、洗涤剂、润滑剂、人造蜡、调制蜡、光洁剂、蜡烛及类似品、塑型用膏、“牙科用蜡”及牙科用熟石膏制剂,212,科摩罗,11.0
202502,34,第34章  肥皂、有机表面活性剂、洗涤剂、润滑剂、人造蜡、调制蜡、光洁剂、蜡烛及类似品、塑型用膏、“牙科用蜡”及牙科用熟石膏制剂,217,埃塞俄比亚,437809.0
202502,34,第34章  肥皂、有机表面活性剂、洗涤剂、润滑剂、人造蜡、调制蜡、光洁剂、蜡烛及类似品、塑型用膏、“牙科用蜡”及牙科用熟石膏制剂,218,加蓬,66931.0
202502,34,第34章  肥皂、有机表面活性剂、洗涤剂、润滑剂、人造蜡、调制蜡、光洁剂、蜡烛及类似品、塑型用膏、“牙科用蜡”及牙科用熟石膏制剂,221,几内亚,500881.0
202502,34,第34章  肥皂、有机表面活性剂、洗涤剂、润滑剂、人造蜡、调制蜡、光洁剂、蜡烛及类似品、塑型用膏、“牙科用蜡”及牙科用熟石膏制剂,223,科特迪瓦,1696694.0
202502,34,第34章  肥皂、有机表面活性剂、洗涤剂、润滑剂、人造蜡、调制蜡、光洁剂、蜡烛及类似品、塑型用膏、“牙科用蜡”及牙科用熟石膏制剂,225,利比里亚,591051.0
202502,34,第34章  肥皂、有机表面活性剂、洗涤剂、润滑剂、人造蜡、调制蜡、光洁剂、蜡烛及类似品、塑型用膏、“牙科用蜡”及牙科用熟石膏制剂,230,毛里塔尼亚,263124.0
202502,34,第34章  肥皂、有机表面活性剂、洗涤剂、润滑剂、人造蜡、调制蜡、光洁剂、蜡烛及类似品、塑型用膏、“牙科用蜡”及牙科用熟石膏制剂,231,毛里求斯,271777.0
202502,34,第34章  肥皂、有机表面活性剂、洗涤剂、润滑剂、人造蜡、调制蜡、光洁剂、蜡烛及类似品、塑型用膏、“牙科用蜡”及牙科用熟石膏制剂,234,纳米比亚,75366.0
202502,34,第34章  肥皂、有机表面活性剂、洗涤剂、润滑剂、人造蜡、调制蜡、光洁剂、蜡烛及类似品、塑型用膏、“牙科用蜡”及牙科用熟石膏制剂,237,留尼汪,483.0
202502,34,第34章  肥皂、有机表面活性剂、洗涤剂、润滑剂、人造蜡、调制蜡、光洁剂、蜡烛及类似品、塑型用膏、“牙科用蜡”及牙科用熟石膏制剂,240,塞内加尔,641338.0
202502,34,第34章  肥皂、有机表面活性剂、洗涤剂、润滑剂、人造蜡、调制蜡、光洁剂、蜡烛及类似品、塑型用膏、“牙科用蜡”及牙科用熟石膏制剂,242,塞拉利昂,404745.0
202502,34,第34章  肥皂、有机表面活性剂、洗涤剂、润滑剂、人造蜡、调制蜡、光洁剂、蜡烛及类似品、塑型用膏、“牙科用蜡”及牙科用熟石膏制剂,243,索马里,714146.0
202502,34,第34章  肥皂、有机表面活性剂、洗涤剂、润滑剂、人造蜡、调制蜡、光洁剂、蜡烛及类似品、塑型用膏、“牙科用蜡”及牙科用熟石膏制剂,249,突尼斯,102994.0
202502,34,第34章  肥皂、有机表面活性剂、洗涤剂、润滑剂、人造蜡、调制蜡、光洁剂、蜡烛及类似品、塑型用膏、“牙科用蜡”及牙科用熟石膏制剂,259,马约特,28009.0
202502,34,第34章  肥皂、有机表面活性剂、洗涤剂、润滑剂、人造蜡、调制蜡、光洁剂、蜡烛及类似品、塑型用膏、“牙科用蜡”及牙科用熟石膏制剂,260,南苏丹,181735.0
202502,34,第34章  肥皂、有机表面活性剂、洗涤剂、润滑剂、人造蜡、调制蜡、光洁剂、蜡烛及类似品、塑型用膏、“牙科用蜡”及牙科用熟石膏制剂,303,英国,8899081.0
202502,34,第34章  肥皂、有机表面活性剂、洗涤剂、润滑剂、人造蜡、调制蜡、光洁剂、蜡烛及类似品、塑型用膏、“牙科用蜡”及牙科用熟石膏制剂,304,德国,6872299.0
202502,34,第34章  肥皂、有机表面活性剂、洗涤剂、润滑剂、人造蜡、调制蜡、光洁剂、蜡烛及类似品、塑型用膏、“牙科用蜡”及牙科用熟石膏制剂,324,马耳他,120952.0
202502,34,第34章  肥皂、有机表面活性剂、洗涤剂、润滑剂、人造蜡、调制蜡、光洁剂、蜡烛及类似品、塑型用膏、“牙科用蜡”及牙科用熟石膏制剂,344,俄罗斯,24299509.0
202502,34,第34章  肥皂、有机表面活性剂、洗涤剂、润滑剂、人造蜡、调制蜡、光洁剂、蜡烛及类似品、塑型用膏、“牙科用蜡”及牙科用熟石膏制剂,351,克罗地亚,58250.0
202502,34,第34章  肥皂、有机表面活性剂、洗涤剂、润滑剂、人造蜡、调制蜡、光洁剂、蜡烛及类似品、塑型用膏、“牙科用蜡”及牙科用熟石膏制剂,358,塞尔维亚,307308.0
202502,34,第34章  肥皂、有机表面活性剂、洗涤剂、润滑剂、人造蜡、调制蜡、光洁剂、蜡烛及类似品、塑型用膏、“牙科用蜡”及牙科用熟石膏制剂,401,安提瓜和巴布达,93757.0
202502,34,第34章  肥皂、有机表面活性剂、洗涤剂、润滑剂、人造蜡、调制蜡、光洁剂、蜡烛及类似品、塑型用膏、“牙科用蜡”及牙科用熟石膏制剂,403,阿鲁巴,10.0
202502,34,第34章  肥皂、有机表面活性剂、洗涤剂、润滑剂、人造蜡、调制蜡、光洁剂、蜡烛及类似品、塑型用膏、“牙科用蜡”及牙科用熟石膏制剂,414,多米尼克,238017.0
202502,34,第34章  肥皂、有机表面活性剂、洗涤剂、润滑剂、人造蜡、调制蜡、光洁剂、蜡烛及类似品、塑型用膏、“牙科用蜡”及牙科用熟石膏制剂,420,法属圭亚那,25.0
202502,34,第34章  肥皂、有机表面活性剂、洗涤剂、润滑剂、人造蜡、调制蜡、光洁剂、蜡烛及类似品、塑型用膏、“牙科用蜡”及牙科用熟石膏制剂,421,格林纳达,13795.0
202502,34,第34章  肥皂、有机表面活性剂、洗涤剂、润滑剂、人造蜡、调制蜡、光洁剂、蜡烛及类似品、塑型用膏、“牙科用蜡”及牙科用熟石膏制剂,424,圭亚那,434033.0
202502,34,第34章  肥皂、有机表面活性剂、洗涤剂、润滑剂、人造蜡、调制蜡、光洁剂、蜡烛及类似品、塑型用膏、“牙科用蜡”及牙科用熟石膏制剂,425,海地,45244.0
202502,34,第34章  肥皂、有机表面活性剂、洗涤剂、润滑剂、人造蜡、调制蜡、光洁剂、蜡烛及类似品、塑型用膏、“牙科用蜡”及牙科用熟石膏制剂,437,圣卢西亚,15972.0
202502,34,第34章  肥皂、有机表面活性剂、洗涤剂、润滑剂、人造蜡、调制蜡、光洁剂、蜡烛及类似品、塑型用膏、“牙科用蜡”及牙科用熟石膏制剂,440,萨尔瓦多,368257.0
202502,34,第34章  肥皂、有机表面活性剂、洗涤剂、润滑剂、人造蜡、调制蜡、光洁剂、蜡烛及类似品、塑型用膏、“牙科用蜡”及牙科用熟石膏制剂,441,苏里南,90945.0
202502,34,第34章  肥皂、有机表面活性剂、洗涤剂、润滑剂、人造蜡、调制蜡、光洁剂、蜡烛及类似品、塑型用膏、“牙科用蜡”及牙科用熟石膏制剂,502,美国,43747547.0
202502,34,第34章  肥皂、有机表面活性剂、洗涤剂、润滑剂、人造蜡、调制蜡、光洁剂、蜡烛及类似品、塑型用膏、“牙科用蜡”及牙科用熟石膏制剂,601,澳大利亚,18420263.0
202502,34,第34章  肥皂、有机表面活性剂、洗涤剂、润滑剂、人造蜡、调制蜡、光洁剂、蜡烛及类似品、塑型用膏、“牙科用蜡”及牙科用熟石膏制剂,607,新喀里多尼亚,4898.0
202502,35,第35章  蛋白类物质；改性淀粉；胶；酶,102,巴林,166334.0
202502,35,第35章  蛋白类物质；改性淀粉；胶；酶,110,中国香港,7250671.0
202502,35,第35章  蛋白类物质；改性淀粉；胶；酶,111,印度,25867696.0
202502,35,第35章  蛋白类物质；改性淀粉；胶；酶,112,印度尼西亚,13935947.0
202502,35,第35章  蛋白类物质；改性淀粉；胶；酶,113,伊朗,1201104.0
202502,35,第35章  蛋白类物质；改性淀粉；胶；酶,116,日本,9735780.0
202502,35,第35章  蛋白类物质；改性淀粉；胶；酶,119,老挝,259993.0
202502,35,第35章  蛋白类物质；改性淀粉；胶；酶,120,黎巴嫩,32446.0
202502,35,第35章  蛋白类物质；改性淀粉；胶；酶,122,马来西亚,6686048.0
202502,35,第35章  蛋白类物质；改性淀粉；胶；酶,125,尼泊尔,68242.0
202502,35,第35章  蛋白类物质；改性淀粉；胶；酶,126,阿曼,226442.0
202502,35,第35章  蛋白类物质；改性淀粉；胶；酶,132,新加坡,4822862.0
202502,35,第35章  蛋白类物质；改性淀粉；胶；酶,133,韩国,10841411.0
202502,35,第35章  蛋白类物质；改性淀粉；胶；酶,135,叙利亚,5303.0
202502,35,第35章  蛋白类物质；改性淀粉；胶；酶,136,泰国,13705489.0
202502,35,第35章  蛋白类物质；改性淀粉；胶；酶,139,也门,324296.0
202502,35,第35章  蛋白类物质；改性淀粉；胶；酶,141,越南,34847375.0
202502,35,第35章  蛋白类物质；改性淀粉；胶；酶,143,中国台湾,8868597.0
202502,35,第35章  蛋白类物质；改性淀粉；胶；酶,145,哈萨克斯坦,875737.0
202502,35,第35章  蛋白类物质；改性淀粉；胶；酶,148,土库曼斯坦,19249.0
202502,35,第35章  蛋白类物质；改性淀粉；胶；酶,149,乌兹别克斯坦,2333949.0
202502,35,第35章  蛋白类物质；改性淀粉；胶；酶,150,格鲁吉亚,182904.0
202502,35,第35章  蛋白类物质；改性淀粉；胶；酶,151,亚美尼亚,8791.0
202502,35,第35章  蛋白类物质；改性淀粉；胶；酶,152,阿塞拜疆,166279.0
202502,35,第35章  蛋白类物质；改性淀粉；胶；酶,202,安哥拉,196086.0
202502,35,第35章  蛋白类物质；改性淀粉；胶；酶,204,博茨瓦纳,9590.0
202502,35,第35章  蛋白类物质；改性淀粉；胶；酶,205,布隆迪,9473.0
202502,35,第35章  蛋白类物质；改性淀粉；胶；酶,206,喀麦隆,154556.0
202502,35,第35章  蛋白类物质；改性淀粉；胶；酶,212,科摩罗,1852.0
202502,35,第35章  蛋白类物质；改性淀粉；胶；酶,217,埃塞俄比亚,130152.0
202502,35,第35章  蛋白类物质；改性淀粉；胶；酶,218,加蓬,109024.0
202502,35,第35章  蛋白类物质；改性淀粉；胶；酶,221,几内亚,214689.0
202502,35,第35章  蛋白类物质；改性淀粉；胶；酶,223,科特迪瓦,149212.0
202502,35,第35章  蛋白类物质；改性淀粉；胶；酶,225,利比里亚,14867.0
202502,35,第35章  蛋白类物质；改性淀粉；胶；酶,230,毛里塔尼亚,665.0
202502,35,第35章  蛋白类物质；改性淀粉；胶；酶,231,毛里求斯,34341.0
202502,35,第35章  蛋白类物质；改性淀粉；胶；酶,234,纳米比亚,11.0
202502,35,第35章  蛋白类物质；改性淀粉；胶；酶,237,留尼汪,27.0
202502,35,第35章  蛋白类物质；改性淀粉；胶；酶,240,塞内加尔,122958.0
202502,35,第35章  蛋白类物质；改性淀粉；胶；酶,242,塞拉利昂,88096.0
202502,35,第35章  蛋白类物质；改性淀粉；胶；酶,243,索马里,141311.0
202502,35,第35章  蛋白类物质；改性淀粉；胶；酶,249,突尼斯,168894.0
202502,35,第35章  蛋白类物质；改性淀粉；胶；酶,303,英国,4190038.0
202502,35,第35章  蛋白类物质；改性淀粉；胶；酶,304,德国,5307406.0
202502,35,第35章  蛋白类物质；改性淀粉；胶；酶,324,马耳他,70.0
202502,35,第35章  蛋白类物质；改性淀粉；胶；酶,344,俄罗斯,14751140.0
202502,35,第35章  蛋白类物质；改性淀粉；胶；酶,351,克罗地亚,583136.0
202502,35,第35章  蛋白类物质；改性淀粉；胶；酶,358,塞尔维亚,430623.0
202502,35,第35章  蛋白类物质；改性淀粉；胶；酶,401,安提瓜和巴布达,840.0
202502,35,第35章  蛋白类物质；改性淀粉；胶；酶,414,多米尼克,2316.0
202502,35,第35章  蛋白类物质；改性淀粉；胶；酶,420,法属圭亚那,8.0
202502,35,第35章  蛋白类物质；改性淀粉；胶；酶,424,圭亚那,34264.0
202502,35,第35章  蛋白类物质；改性淀粉；胶；酶,425,海地,173376.0
202502,35,第35章  蛋白类物质；改性淀粉；胶；酶,437,圣卢西亚,186.0
202502,35,第35章  蛋白类物质；改性淀粉；胶；酶,440,萨尔瓦多,236966.0
202502,35,第35章  蛋白类物质；改性淀粉；胶；酶,441,苏里南,2526.0
202502,35,第35章  蛋白类物质；改性淀粉；胶；酶,502,美国,30323791.0
202502,35,第35章  蛋白类物质；改性淀粉；胶；酶,601,澳大利亚,3942332.0
202502,35,第35章  蛋白类物质；改性淀粉；胶；酶,607,新喀里多尼亚,658.0
202502,36,第36章  炸药；烟火制品；引火合金；易燃材料制品,110,中国香港,54681.0
202502,36,第36章  炸药；烟火制品；引火合金；易燃材料制品,111,印度,426180.0
202502,36,第36章  炸药；烟火制品；引火合金；易燃材料制品,112,印度尼西亚,3732691.0
202502,36,第36章  炸药；烟火制品；引火合金；易燃材料制品,116,日本,1850314.0
202502,36,第36章  炸药；烟火制品；引火合金；易燃材料制品,120,黎巴嫩,3686.0
202502,36,第36章  炸药；烟火制品；引火合金；易燃材料制品,122,马来西亚,6289890.0
202502,36,第36章  炸药；烟火制品；引火合金；易燃材料制品,125,尼泊尔,216214.0
202502,36,第36章  炸药；烟火制品；引火合金；易燃材料制品,132,新加坡,127787.0
202502,36,第36章  炸药；烟火制品；引火合金；易燃材料制品,133,韩国,430756.0
202502,36,第36章  炸药；烟火制品；引火合金；易燃材料制品,136,泰国,1780671.0
202502,36,第36章  炸药；烟火制品；引火合金；易燃材料制品,143,中国台湾,1953532.0
202502,36,第36章  炸药；烟火制品；引火合金；易燃材料制品,148,土库曼斯坦,67929.0
202502,36,第36章  炸药；烟火制品；引火合金；易燃材料制品,152,阿塞拜疆,50330.0
202502,36,第36章  炸药；烟火制品；引火合金；易燃材料制品,303,英国,968989.0
202502,36,第36章  炸药；烟火制品；引火合金；易燃材料制品,304,德国,1763607.0
202502,36,第36章  炸药；烟火制品；引火合金；易燃材料制品,344,俄罗斯,679936.0
202502,36,第36章  炸药；烟火制品；引火合金；易燃材料制品,358,塞尔维亚,164700.0
202502,36,第36章  炸药；烟火制品；引火合金；易燃材料制品,441,苏里南,161276.0
202502,36,第36章  炸药；烟火制品；引火合金；易燃材料制品,502,美国,59033957.0
202502,36,第36章  炸药；烟火制品；引火合金；易燃材料制品,601,澳大利亚,3694887.0
202502,37,第37章  照相及电影用品,102,巴林,819.0
202502,37,第37章  照相及电影用品,110,中国香港,2128228.0
202502,37,第37章  照相及电影用品,111,印度,11572766.0
202502,37,第37章  照相及电影用品,112,印度尼西亚,1394878.0
202502,37,第37章  照相及电影用品,113,伊朗,129424.0
202502,37,第37章  照相及电影用品,116,日本,2314450.0
202502,37,第37章  照相及电影用品,120,黎巴嫩,113074.0
202502,37,第37章  照相及电影用品,122,马来西亚,1241261.0
202502,37,第37章  照相及电影用品,125,尼泊尔,78801.0
202502,37,第37章  照相及电影用品,126,阿曼,26473.0
202502,37,第37章  照相及电影用品,132,新加坡,1175874.0
202502,37,第37章  照相及电影用品,133,韩国,7815803.0
202502,37,第37章  照相及电影用品,136,泰国,3461818.0
202502,37,第37章  照相及电影用品,139,也门,190133.0
202502,37,第37章  照相及电影用品,141,越南,5573336.0
202502,37,第37章  照相及电影用品,143,中国台湾,3727137.0
202502,37,第37章  照相及电影用品,145,哈萨克斯坦,437682.0
202502,37,第37章  照相及电影用品,148,土库曼斯坦,38449.0
202502,37,第37章  照相及电影用品,149,乌兹别克斯坦,251494.0
202502,37,第37章  照相及电影用品,150,格鲁吉亚,38930.0
202502,37,第37章  照相及电影用品,151,亚美尼亚,48322.0
202502,37,第37章  照相及电影用品,152,阿塞拜疆,121737.0
202502,37,第37章  照相及电影用品,202,安哥拉,3959.0
202502,37,第37章  照相及电影用品,205,布隆迪,1388.0
202502,37,第37章  照相及电影用品,206,喀麦隆,1860.0
202502,37,第37章  照相及电影用品,217,埃塞俄比亚,42449.0
202502,37,第37章  照相及电影用品,223,科特迪瓦,16838.0
202502,37,第37章  照相及电影用品,231,毛里求斯,33641.0
202502,37,第37章  照相及电影用品,240,塞内加尔,33138.0
202502,37,第37章  照相及电影用品,243,索马里,24313.0
202502,37,第37章  照相及电影用品,249,突尼斯,28868.0
202502,37,第37章  照相及电影用品,260,南苏丹,1200.0
202502,37,第37章  照相及电影用品,303,英国,168093.0
202502,37,第37章  照相及电影用品,304,德国,233073.0
202502,37,第37章  照相及电影用品,344,俄罗斯,2741638.0
202502,37,第37章  照相及电影用品,351,克罗地亚,78804.0
202502,37,第37章  照相及电影用品,358,塞尔维亚,154117.0
202502,37,第37章  照相及电影用品,440,萨尔瓦多,28600.0
202502,37,第37章  照相及电影用品,502,美国,569559.0
202502,37,第37章  照相及电影用品,601,澳大利亚,1310886.0
202502,38,第38章  杂项化学产品,102,巴林,908840.0
202502,38,第38章  杂项化学产品,104,不丹,4133.0
202502,38,第38章  杂项化学产品,110,中国香港,29445260.0
202502,38,第38章  杂项化学产品,111,印度,81698033.0
202502,38,第38章  杂项化学产品,112,印度尼西亚,103159492.0
202502,38,第38章  杂项化学产品,113,伊朗,6638836.0
202502,38,第38章  杂项化学产品,116,日本,102035207.0
202502,38,第38章  杂项化学产品,119,老挝,10302735.0
202502,38,第38章  杂项化学产品,120,黎巴嫩,1286210.0
202502,38,第38章  杂项化学产品,122,马来西亚,74982955.0
202502,38,第38章  杂项化学产品,125,尼泊尔,559724.0
202502,38,第38章  杂项化学产品,126,阿曼,1036870.0
202502,38,第38章  杂项化学产品,132,新加坡,61989005.0
202502,38,第38章  杂项化学产品,133,韩国,132237831.0
202502,38,第38章  杂项化学产品,135,叙利亚,24625.0
202502,38,第38章  杂项化学产品,136,泰国,98370927.0
202502,38,第38章  杂项化学产品,139,也门,1266485.0
202502,38,第38章  杂项化学产品,141,越南,79084787.0
202502,38,第38章  杂项化学产品,143,中国台湾,67968957.0
202502,38,第38章  杂项化学产品,145,哈萨克斯坦,12332157.0
202502,38,第38章  杂项化学产品,148,土库曼斯坦,537554.0
202502,38,第38章  杂项化学产品,149,乌兹别克斯坦,9687500.0
202502,38,第38章  杂项化学产品,150,格鲁吉亚,1207539.0
202502,38,第38章  杂项化学产品,151,亚美尼亚,128462.0
202502,38,第38章  杂项化学产品,152,阿塞拜疆,1082145.0
202502,38,第38章  杂项化学产品,202,安哥拉,1353419.0
202502,38,第38章  杂项化学产品,204,博茨瓦纳,418965.0
202502,38,第38章  杂项化学产品,205,布隆迪,23422.0
202502,38,第38章  杂项化学产品,206,喀麦隆,13843747.0
202502,38,第38章  杂项化学产品,212,科摩罗,1343.0
202502,38,第38章  杂项化学产品,217,埃塞俄比亚,4613260.0
202502,38,第38章  杂项化学产品,218,加蓬,128099.0
202502,38,第38章  杂项化学产品,221,几内亚,6366454.0
202502,38,第38章  杂项化学产品,223,科特迪瓦,11646916.0
202502,38,第38章  杂项化学产品,225,利比里亚,441845.0
202502,38,第38章  杂项化学产品,230,毛里塔尼亚,433099.0
202502,38,第38章  杂项化学产品,231,毛里求斯,82461.0
202502,38,第38章  杂项化学产品,234,纳米比亚,456582.0
202502,38,第38章  杂项化学产品,237,留尼汪,189.0
202502,38,第38章  杂项化学产品,240,塞内加尔,2444918.0
202502,38,第38章  杂项化学产品,242,塞拉利昂,79133.0
202502,38,第38章  杂项化学产品,243,索马里,349729.0
202502,38,第38章  杂项化学产品,249,突尼斯,585539.0
202502,38,第38章  杂项化学产品,260,南苏丹,57113.0
202502,38,第38章  杂项化学产品,303,英国,10261739.0
202502,38,第38章  杂项化学产品,304,德国,29720371.0
202502,38,第38章  杂项化学产品,324,马耳他,68027.0
202502,38,第38章  杂项化学产品,344,俄罗斯,51360200.0
202502,38,第38章  杂项化学产品,351,克罗地亚,1051462.0
202502,38,第38章  杂项化学产品,358,塞尔维亚,2429441.0
202502,38,第38章  杂项化学产品,401,安提瓜和巴布达,7500.0
202502,38,第38章  杂项化学产品,414,多米尼克,5333.0
202502,38,第38章  杂项化学产品,417,库拉索 ,917.0
202502,38,第38章  杂项化学产品,421,格林纳达,2868.0
202502,38,第38章  杂项化学产品,424,圭亚那,151002.0
202502,38,第38章  杂项化学产品,425,海地,290655.0
202502,38,第38章  杂项化学产品,437,圣卢西亚,39055.0
202502,38,第38章  杂项化学产品,440,萨尔瓦多,1073456.0
202502,38,第38章  杂项化学产品,441,苏里南,441459.0
202502,38,第38章  杂项化学产品,502,美国,139128414.0
202502,38,第38章  杂项化学产品,601,澳大利亚,44259662.0
202502,38,第38章  杂项化学产品,607,新喀里多尼亚,1079.0
202502,39,第39章  塑料及其制品,102,巴林,4822895.0
202502,39,第39章  塑料及其制品,104,不丹,32519.0
202502,39,第39章  塑料及其制品,110,中国香港,113740433.0
202502,39,第39章  塑料及其制品,111,印度,456377642.0
202502,39,第39章  塑料及其制品,112,印度尼西亚,238833883.0
202502,39,第39章  塑料及其制品,113,伊朗,14215473.0
202502,39,第39章  塑料及其制品,116,日本,297399132.0
202502,39,第39章  塑料及其制品,119,老挝,5240328.0
202502,39,第39章  塑料及其制品,120,黎巴嫩,6578912.0
202502,39,第39章  塑料及其制品,122,马来西亚,192576796.0
202502,39,第39章  塑料及其制品,125,尼泊尔,2959128.0
202502,39,第39章  塑料及其制品,126,阿曼,10508284.0
202502,39,第39章  塑料及其制品,132,新加坡,103800097.0
202502,39,第39章  塑料及其制品,133,韩国,295392757.0
202502,39,第39章  塑料及其制品,135,叙利亚,556007.0
202502,39,第39章  塑料及其制品,136,泰国,264937370.0
202502,39,第39章  塑料及其制品,139,也门,6939973.0
202502,39,第39章  塑料及其制品,141,越南,533125388.0
202502,39,第39章  塑料及其制品,143,中国台湾,140304936.0
202502,39,第39章  塑料及其制品,145,哈萨克斯坦,72425378.0
202502,39,第39章  塑料及其制品,148,土库曼斯坦,2244654.0
202502,39,第39章  塑料及其制品,149,乌兹别克斯坦,59267848.0
202502,39,第39章  塑料及其制品,150,格鲁吉亚,3880830.0
202502,39,第39章  塑料及其制品,151,亚美尼亚,1087013.0
202502,39,第39章  塑料及其制品,152,阿塞拜疆,5244385.0
202502,39,第39章  塑料及其制品,202,安哥拉,10399046.0
202502,39,第39章  塑料及其制品,204,博茨瓦纳,527458.0
202502,39,第39章  塑料及其制品,205,布隆迪,388773.0
202502,39,第39章  塑料及其制品,206,喀麦隆,12407521.0
202502,39,第39章  塑料及其制品,212,科摩罗,640140.0
202502,39,第39章  塑料及其制品,217,埃塞俄比亚,6277856.0
202502,39,第39章  塑料及其制品,218,加蓬,946357.0
202502,39,第39章  塑料及其制品,221,几内亚,9709825.0
202502,39,第39章  塑料及其制品,223,科特迪瓦,13323597.0
202502,39,第39章  塑料及其制品,225,利比里亚,1527181.0
202502,39,第39章  塑料及其制品,230,毛里塔尼亚,2391360.0
202502,39,第39章  塑料及其制品,231,毛里求斯,1745794.0
202502,39,第39章  塑料及其制品,234,纳米比亚,742811.0
202502,39,第39章  塑料及其制品,237,留尼汪,255522.0
202502,39,第39章  塑料及其制品,240,塞内加尔,10690960.0
202502,39,第39章  塑料及其制品,242,塞拉利昂,1706538.0
202502,39,第39章  塑料及其制品,243,索马里,2210806.0
202502,39,第39章  塑料及其制品,249,突尼斯,4869647.0
202502,39,第39章  塑料及其制品,259,马约特,67029.0
202502,39,第39章  塑料及其制品,260,南苏丹,349320.0
202502,39,第39章  塑料及其制品,303,英国,139852203.0
202502,39,第39章  塑料及其制品,304,德国,143611172.0
202502,39,第39章  塑料及其制品,324,马耳他,651082.0
202502,39,第39章  塑料及其制品,344,俄罗斯,245258753.0
202502,39,第39章  塑料及其制品,351,克罗地亚,4504258.0
202502,39,第39章  塑料及其制品,358,塞尔维亚,6626030.0
202502,39,第39章  塑料及其制品,401,安提瓜和巴布达,296146.0
202502,39,第39章  塑料及其制品,403,阿鲁巴,112622.0
202502,39,第39章  塑料及其制品,414,多米尼克,414388.0
202502,39,第39章  塑料及其制品,417,库拉索 ,112543.0
202502,39,第39章  塑料及其制品,420,法属圭亚那,181667.0
202502,39,第39章  塑料及其制品,421,格林纳达,46474.0
202502,39,第39章  塑料及其制品,424,圭亚那,2135066.0
202502,39,第39章  塑料及其制品,425,海地,497218.0
202502,39,第39章  塑料及其制品,428,马提尼克,82514.0
202502,39,第39章  塑料及其制品,437,圣卢西亚,316828.0
202502,39,第39章  塑料及其制品,440,萨尔瓦多,4743433.0
202502,39,第39章  塑料及其制品,441,苏里南,934421.0
202502,39,第39章  塑料及其制品,502,美国,1227511130.0
202502,39,第39章  塑料及其制品,601,澳大利亚,142160262.0
202502,39,第39章  塑料及其制品,607,新喀里多尼亚,182375.0
202502,39,第39章  塑料及其制品,618,基里巴斯,92383.0
202502,40,第40章  橡胶及其制品,102,巴林,2463483.0
202502,40,第40章  橡胶及其制品,104,不丹,82928.0
202502,40,第40章  橡胶及其制品,110,中国香港,11758114.0
202502,40,第40章  橡胶及其制品,111,印度,28974578.0
202502,40,第40章  橡胶及其制品,112,印度尼西亚,44310226.0
202502,40,第40章  橡胶及其制品,113,伊朗,10072583.0
202502,40,第40章  橡胶及其制品,116,日本,67982089.0
202502,40,第40章  橡胶及其制品,119,老挝,5628898.0
202502,40,第40章  橡胶及其制品,120,黎巴嫩,3448899.0
202502,40,第40章  橡胶及其制品,122,马来西亚,41829819.0
202502,40,第40章  橡胶及其制品,125,尼泊尔,761721.0
202502,40,第40章  橡胶及其制品,126,阿曼,12121330.0
202502,40,第40章  橡胶及其制品,132,新加坡,12658902.0
202502,40,第40章  橡胶及其制品,133,韩国,48184499.0
202502,40,第40章  橡胶及其制品,135,叙利亚,1189487.0
202502,40,第40章  橡胶及其制品,136,泰国,58164076.0
202502,40,第40章  橡胶及其制品,139,也门,3197606.0
202502,40,第40章  橡胶及其制品,141,越南,78566339.0
202502,40,第40章  橡胶及其制品,143,中国台湾,26750750.0
202502,40,第40章  橡胶及其制品,145,哈萨克斯坦,31995570.0
202502,40,第40章  橡胶及其制品,148,土库曼斯坦,3167073.0
202502,40,第40章  橡胶及其制品,149,乌兹别克斯坦,32578397.0
202502,40,第40章  橡胶及其制品,150,格鲁吉亚,3837605.0
202502,40,第40章  橡胶及其制品,151,亚美尼亚,2362850.0
202502,40,第40章  橡胶及其制品,152,阿塞拜疆,3558223.0
202502,40,第40章  橡胶及其制品,202,安哥拉,3256943.0
202502,40,第40章  橡胶及其制品,204,博茨瓦纳,423553.0
202502,40,第40章  橡胶及其制品,205,布隆迪,415476.0
202502,40,第40章  橡胶及其制品,206,喀麦隆,3822318.0
202502,40,第40章  橡胶及其制品,212,科摩罗,5238.0
202502,40,第40章  橡胶及其制品,217,埃塞俄比亚,4845379.0
202502,40,第40章  橡胶及其制品,218,加蓬,1584432.0
202502,40,第40章  橡胶及其制品,221,几内亚,13149282.0
202502,40,第40章  橡胶及其制品,223,科特迪瓦,6468987.0
202502,40,第40章  橡胶及其制品,225,利比里亚,1560856.0
202502,40,第40章  橡胶及其制品,230,毛里塔尼亚,1333751.0
202502,40,第40章  橡胶及其制品,231,毛里求斯,757899.0
202502,40,第40章  橡胶及其制品,234,纳米比亚,271073.0
202502,40,第40章  橡胶及其制品,237,留尼汪,321320.0
202502,40,第40章  橡胶及其制品,240,塞内加尔,2885588.0
202502,40,第40章  橡胶及其制品,242,塞拉利昂,1310129.0
202502,40,第40章  橡胶及其制品,243,索马里,2952916.0
202502,40,第40章  橡胶及其制品,249,突尼斯,700613.0
202502,40,第40章  橡胶及其制品,259,马约特,26288.0
202502,40,第40章  橡胶及其制品,260,南苏丹,250697.0
202502,40,第40章  橡胶及其制品,303,英国,66690194.0
202502,40,第40章  橡胶及其制品,304,德国,80596935.0
202502,40,第40章  橡胶及其制品,324,马耳他,696373.0
202502,40,第40章  橡胶及其制品,344,俄罗斯,127490171.0
202502,40,第40章  橡胶及其制品,351,克罗地亚,1804290.0
202502,40,第40章  橡胶及其制品,358,塞尔维亚,4205658.0
202502,40,第40章  橡胶及其制品,401,安提瓜和巴布达,22474.0
202502,40,第40章  橡胶及其制品,403,阿鲁巴,53237.0
202502,40,第40章  橡胶及其制品,414,多米尼克,46894.0
202502,40,第40章  橡胶及其制品,417,库拉索 ,169861.0
202502,40,第40章  橡胶及其制品,420,法属圭亚那,6661.0
202502,40,第40章  橡胶及其制品,421,格林纳达,30888.0
202502,40,第40章  橡胶及其制品,424,圭亚那,947974.0
202502,40,第40章  橡胶及其制品,425,海地,1395385.0
202502,40,第40章  橡胶及其制品,428,马提尼克,336817.0
202502,40,第40章  橡胶及其制品,437,圣卢西亚,6042.0
202502,40,第40章  橡胶及其制品,440,萨尔瓦多,3644712.0
202502,40,第40章  橡胶及其制品,441,苏里南,1515601.0
202502,40,第40章  橡胶及其制品,502,美国,155473797.0
202502,40,第40章  橡胶及其制品,601,澳大利亚,52598021.0
202502,40,第40章  橡胶及其制品,607,新喀里多尼亚,371920.0
202502,40,第40章  橡胶及其制品,618,基里巴斯,36815.0
202502,41,第41章  生皮（毛皮除外）及皮革,110,中国香港,7254289.0
202502,41,第41章  生皮（毛皮除外）及皮革,111,印度,1947512.0
202502,41,第41章  生皮（毛皮除外）及皮革,112,印度尼西亚,6433209.0
202502,41,第41章  生皮（毛皮除外）及皮革,116,日本,827998.0
202502,41,第41章  生皮（毛皮除外）及皮革,119,老挝,38391.0
202502,41,第41章  生皮（毛皮除外）及皮革,122,马来西亚,124763.0
202502,41,第41章  生皮（毛皮除外）及皮革,132,新加坡,235633.0
202502,41,第41章  生皮（毛皮除外）及皮革,133,韩国,952891.0
202502,41,第41章  生皮（毛皮除外）及皮革,136,泰国,1499833.0
202502,41,第41章  生皮（毛皮除外）及皮革,141,越南,27973460.0
202502,41,第41章  生皮（毛皮除外）及皮革,143,中国台湾,241435.0
202502,41,第41章  生皮（毛皮除外）及皮革,303,英国,115233.0
202502,41,第41章  生皮（毛皮除外）及皮革,304,德国,1258.0
202502,41,第41章  生皮（毛皮除外）及皮革,424,圭亚那,30.0
202502,41,第41章  生皮（毛皮除外）及皮革,502,美国,26703.0
202502,41,第41章  生皮（毛皮除外）及皮革,601,澳大利亚,167620.0
202502,42,第42章  皮革制品；鞍具及挽具；旅行用品、手提包及类似容器；动物肠线（蚕胶丝除外）制品,102,巴林,179392.0
202502,42,第42章  皮革制品；鞍具及挽具；旅行用品、手提包及类似容器；动物肠线（蚕胶丝除外）制品,104,不丹,1669.0
202502,42,第42章  皮革制品；鞍具及挽具；旅行用品、手提包及类似容器；动物肠线（蚕胶丝除外）制品,110,中国香港,37403176.0
202502,42,第42章  皮革制品；鞍具及挽具；旅行用品、手提包及类似容器；动物肠线（蚕胶丝除外）制品,111,印度,23192201.0
202502,42,第42章  皮革制品；鞍具及挽具；旅行用品、手提包及类似容器；动物肠线（蚕胶丝除外）制品,112,印度尼西亚,18580138.0
202502,42,第42章  皮革制品；鞍具及挽具；旅行用品、手提包及类似容器；动物肠线（蚕胶丝除外）制品,113,伊朗,421982.0
202502,42,第42章  皮革制品；鞍具及挽具；旅行用品、手提包及类似容器；动物肠线（蚕胶丝除外）制品,116,日本,92541402.0
202502,42,第42章  皮革制品；鞍具及挽具；旅行用品、手提包及类似容器；动物肠线（蚕胶丝除外）制品,119,老挝,208577.0
202502,42,第42章  皮革制品；鞍具及挽具；旅行用品、手提包及类似容器；动物肠线（蚕胶丝除外）制品,120,黎巴嫩,587355.0
202502,42,第42章  皮革制品；鞍具及挽具；旅行用品、手提包及类似容器；动物肠线（蚕胶丝除外）制品,122,马来西亚,43890745.0
202502,42,第42章  皮革制品；鞍具及挽具；旅行用品、手提包及类似容器；动物肠线（蚕胶丝除外）制品,125,尼泊尔,633730.0
202502,42,第42章  皮革制品；鞍具及挽具；旅行用品、手提包及类似容器；动物肠线（蚕胶丝除外）制品,126,阿曼,677640.0
202502,42,第42章  皮革制品；鞍具及挽具；旅行用品、手提包及类似容器；动物肠线（蚕胶丝除外）制品,132,新加坡,41635713.0
202502,42,第42章  皮革制品；鞍具及挽具；旅行用品、手提包及类似容器；动物肠线（蚕胶丝除外）制品,133,韩国,54288126.0
202502,42,第42章  皮革制品；鞍具及挽具；旅行用品、手提包及类似容器；动物肠线（蚕胶丝除外）制品,135,叙利亚,23871.0
202502,42,第42章  皮革制品；鞍具及挽具；旅行用品、手提包及类似容器；动物肠线（蚕胶丝除外）制品,136,泰国,30132344.0
202502,42,第42章  皮革制品；鞍具及挽具；旅行用品、手提包及类似容器；动物肠线（蚕胶丝除外）制品,139,也门,1733762.0
202502,42,第42章  皮革制品；鞍具及挽具；旅行用品、手提包及类似容器；动物肠线（蚕胶丝除外）制品,141,越南,29501849.0
202502,42,第42章  皮革制品；鞍具及挽具；旅行用品、手提包及类似容器；动物肠线（蚕胶丝除外）制品,143,中国台湾,10961156.0
202502,42,第42章  皮革制品；鞍具及挽具；旅行用品、手提包及类似容器；动物肠线（蚕胶丝除外）制品,145,哈萨克斯坦,17980126.0
202502,42,第42章  皮革制品；鞍具及挽具；旅行用品、手提包及类似容器；动物肠线（蚕胶丝除外）制品,148,土库曼斯坦,31984.0
202502,42,第42章  皮革制品；鞍具及挽具；旅行用品、手提包及类似容器；动物肠线（蚕胶丝除外）制品,149,乌兹别克斯坦,1564762.0
202502,42,第42章  皮革制品；鞍具及挽具；旅行用品、手提包及类似容器；动物肠线（蚕胶丝除外）制品,150,格鲁吉亚,707291.0
202502,42,第42章  皮革制品；鞍具及挽具；旅行用品、手提包及类似容器；动物肠线（蚕胶丝除外）制品,151,亚美尼亚,80461.0
202502,42,第42章  皮革制品；鞍具及挽具；旅行用品、手提包及类似容器；动物肠线（蚕胶丝除外）制品,152,阿塞拜疆,448813.0
202502,42,第42章  皮革制品；鞍具及挽具；旅行用品、手提包及类似容器；动物肠线（蚕胶丝除外）制品,202,安哥拉,1611678.0
202502,42,第42章  皮革制品；鞍具及挽具；旅行用品、手提包及类似容器；动物肠线（蚕胶丝除外）制品,204,博茨瓦纳,228021.0
202502,42,第42章  皮革制品；鞍具及挽具；旅行用品、手提包及类似容器；动物肠线（蚕胶丝除外）制品,205,布隆迪,91000.0
202502,42,第42章  皮革制品；鞍具及挽具；旅行用品、手提包及类似容器；动物肠线（蚕胶丝除外）制品,206,喀麦隆,2803823.0
202502,42,第42章  皮革制品；鞍具及挽具；旅行用品、手提包及类似容器；动物肠线（蚕胶丝除外）制品,212,科摩罗,10426.0
202502,42,第42章  皮革制品；鞍具及挽具；旅行用品、手提包及类似容器；动物肠线（蚕胶丝除外）制品,217,埃塞俄比亚,195616.0
202502,42,第42章  皮革制品；鞍具及挽具；旅行用品、手提包及类似容器；动物肠线（蚕胶丝除外）制品,218,加蓬,220016.0
202502,42,第42章  皮革制品；鞍具及挽具；旅行用品、手提包及类似容器；动物肠线（蚕胶丝除外）制品,221,几内亚,904135.0
202502,42,第42章  皮革制品；鞍具及挽具；旅行用品、手提包及类似容器；动物肠线（蚕胶丝除外）制品,223,科特迪瓦,1925042.0
202502,42,第42章  皮革制品；鞍具及挽具；旅行用品、手提包及类似容器；动物肠线（蚕胶丝除外）制品,225,利比里亚,198883.0
202502,42,第42章  皮革制品；鞍具及挽具；旅行用品、手提包及类似容器；动物肠线（蚕胶丝除外）制品,230,毛里塔尼亚,241143.0
202502,42,第42章  皮革制品；鞍具及挽具；旅行用品、手提包及类似容器；动物肠线（蚕胶丝除外）制品,231,毛里求斯,349249.0
202502,42,第42章  皮革制品；鞍具及挽具；旅行用品、手提包及类似容器；动物肠线（蚕胶丝除外）制品,234,纳米比亚,162972.0
202502,42,第42章  皮革制品；鞍具及挽具；旅行用品、手提包及类似容器；动物肠线（蚕胶丝除外）制品,237,留尼汪,50901.0
202502,42,第42章  皮革制品；鞍具及挽具；旅行用品、手提包及类似容器；动物肠线（蚕胶丝除外）制品,240,塞内加尔,1890387.0
202502,42,第42章  皮革制品；鞍具及挽具；旅行用品、手提包及类似容器；动物肠线（蚕胶丝除外）制品,242,塞拉利昂,74462.0
202502,42,第42章  皮革制品；鞍具及挽具；旅行用品、手提包及类似容器；动物肠线（蚕胶丝除外）制品,243,索马里,118026.0
202502,42,第42章  皮革制品；鞍具及挽具；旅行用品、手提包及类似容器；动物肠线（蚕胶丝除外）制品,249,突尼斯,335328.0
202502,42,第42章  皮革制品；鞍具及挽具；旅行用品、手提包及类似容器；动物肠线（蚕胶丝除外）制品,259,马约特,9088.0
202502,42,第42章  皮革制品；鞍具及挽具；旅行用品、手提包及类似容器；动物肠线（蚕胶丝除外）制品,260,南苏丹,6.0
202502,42,第42章  皮革制品；鞍具及挽具；旅行用品、手提包及类似容器；动物肠线（蚕胶丝除外）制品,303,英国,64190149.0
202502,42,第42章  皮革制品；鞍具及挽具；旅行用品、手提包及类似容器；动物肠线（蚕胶丝除外）制品,304,德国,49555883.0
202502,42,第42章  皮革制品；鞍具及挽具；旅行用品、手提包及类似容器；动物肠线（蚕胶丝除外）制品,324,马耳他,170013.0
202502,42,第42章  皮革制品；鞍具及挽具；旅行用品、手提包及类似容器；动物肠线（蚕胶丝除外）制品,344,俄罗斯,37283878.0
202502,42,第42章  皮革制品；鞍具及挽具；旅行用品、手提包及类似容器；动物肠线（蚕胶丝除外）制品,351,克罗地亚,878331.0
202502,42,第42章  皮革制品；鞍具及挽具；旅行用品、手提包及类似容器；动物肠线（蚕胶丝除外）制品,358,塞尔维亚,1456048.0
202502,42,第42章  皮革制品；鞍具及挽具；旅行用品、手提包及类似容器；动物肠线（蚕胶丝除外）制品,401,安提瓜和巴布达,5176.0
202502,42,第42章  皮革制品；鞍具及挽具；旅行用品、手提包及类似容器；动物肠线（蚕胶丝除外）制品,403,阿鲁巴,2651.0
202502,42,第42章  皮革制品；鞍具及挽具；旅行用品、手提包及类似容器；动物肠线（蚕胶丝除外）制品,414,多米尼克,4371.0
202502,42,第42章  皮革制品；鞍具及挽具；旅行用品、手提包及类似容器；动物肠线（蚕胶丝除外）制品,417,库拉索 ,32960.0
202502,42,第42章  皮革制品；鞍具及挽具；旅行用品、手提包及类似容器；动物肠线（蚕胶丝除外）制品,420,法属圭亚那,44786.0
202502,42,第42章  皮革制品；鞍具及挽具；旅行用品、手提包及类似容器；动物肠线（蚕胶丝除外）制品,424,圭亚那,100932.0
202502,42,第42章  皮革制品；鞍具及挽具；旅行用品、手提包及类似容器；动物肠线（蚕胶丝除外）制品,425,海地,377904.0
202502,42,第42章  皮革制品；鞍具及挽具；旅行用品、手提包及类似容器；动物肠线（蚕胶丝除外）制品,428,马提尼克,35051.0
202502,42,第42章  皮革制品；鞍具及挽具；旅行用品、手提包及类似容器；动物肠线（蚕胶丝除外）制品,437,圣卢西亚,22191.0
202502,42,第42章  皮革制品；鞍具及挽具；旅行用品、手提包及类似容器；动物肠线（蚕胶丝除外）制品,440,萨尔瓦多,516489.0
202502,42,第42章  皮革制品；鞍具及挽具；旅行用品、手提包及类似容器；动物肠线（蚕胶丝除外）制品,441,苏里南,28265.0
202502,42,第42章  皮革制品；鞍具及挽具；旅行用品、手提包及类似容器；动物肠线（蚕胶丝除外）制品,502,美国,273647771.0
202502,42,第42章  皮革制品；鞍具及挽具；旅行用品、手提包及类似容器；动物肠线（蚕胶丝除外）制品,601,澳大利亚,29047406.0
202502,42,第42章  皮革制品；鞍具及挽具；旅行用品、手提包及类似容器；动物肠线（蚕胶丝除外）制品,607,新喀里多尼亚,68325.0
202502,43,第43章  毛皮、人造毛皮及其制品,102,巴林,115.0
202502,43,第43章  毛皮、人造毛皮及其制品,110,中国香港,479637.0
202502,43,第43章  毛皮、人造毛皮及其制品,111,印度,148242.0
202502,43,第43章  毛皮、人造毛皮及其制品,112,印度尼西亚,1024949.0
202502,43,第43章  毛皮、人造毛皮及其制品,116,日本,62106.0
202502,43,第43章  毛皮、人造毛皮及其制品,119,老挝,4092.0
202502,43,第43章  毛皮、人造毛皮及其制品,122,马来西亚,429877.0
202502,43,第43章  毛皮、人造毛皮及其制品,125,尼泊尔,7029.0
202502,43,第43章  毛皮、人造毛皮及其制品,126,阿曼,73.0
202502,43,第43章  毛皮、人造毛皮及其制品,132,新加坡,3005.0
202502,43,第43章  毛皮、人造毛皮及其制品,133,韩国,5035260.0
202502,43,第43章  毛皮、人造毛皮及其制品,136,泰国,157345.0
202502,43,第43章  毛皮、人造毛皮及其制品,139,也门,1836.0
202502,43,第43章  毛皮、人造毛皮及其制品,141,越南,7251861.0
202502,43,第43章  毛皮、人造毛皮及其制品,143,中国台湾,7710.0
202502,43,第43章  毛皮、人造毛皮及其制品,145,哈萨克斯坦,2543775.0
202502,43,第43章  毛皮、人造毛皮及其制品,149,乌兹别克斯坦,28356.0
202502,43,第43章  毛皮、人造毛皮及其制品,150,格鲁吉亚,3063.0
202502,43,第43章  毛皮、人造毛皮及其制品,152,阿塞拜疆,9697.0
202502,43,第43章  毛皮、人造毛皮及其制品,231,毛里求斯,1496.0
202502,43,第43章  毛皮、人造毛皮及其制品,303,英国,104447.0
202502,43,第43章  毛皮、人造毛皮及其制品,304,德国,419884.0
202502,43,第43章  毛皮、人造毛皮及其制品,324,马耳他,10.0
202502,43,第43章  毛皮、人造毛皮及其制品,344,俄罗斯,206205.0
202502,43,第43章  毛皮、人造毛皮及其制品,351,克罗地亚,81.0
202502,43,第43章  毛皮、人造毛皮及其制品,358,塞尔维亚,629.0
202502,43,第43章  毛皮、人造毛皮及其制品,440,萨尔瓦多,33206.0
202502,43,第43章  毛皮、人造毛皮及其制品,502,美国,957693.0
202502,43,第43章  毛皮、人造毛皮及其制品,601,澳大利亚,662240.0
202502,44,第44章  木及木制品；木炭,102,巴林,1181813.0
202502,44,第44章  木及木制品；木炭,110,中国香港,13936230.0
202502,44,第44章  木及木制品；木炭,111,印度,11359961.0
202502,44,第44章  木及木制品；木炭,112,印度尼西亚,5992549.0
202502,44,第44章  木及木制品；木炭,113,伊朗,1586961.0
202502,44,第44章  木及木制品；木炭,116,日本,52828593.0
202502,44,第44章  木及木制品；木炭,119,老挝,1045879.0
202502,44,第44章  木及木制品；木炭,120,黎巴嫩,270929.0
202502,44,第44章  木及木制品；木炭,122,马来西亚,19622463.0
202502,44,第44章  木及木制品；木炭,125,尼泊尔,275744.0
202502,44,第44章  木及木制品；木炭,126,阿曼,2575511.0
202502,44,第44章  木及木制品；木炭,132,新加坡,6235234.0
202502,44,第44章  木及木制品；木炭,133,韩国,11884404.0
202502,44,第44章  木及木制品；木炭,135,叙利亚,36000.0
202502,44,第44章  木及木制品；木炭,136,泰国,14687583.0
202502,44,第44章  木及木制品；木炭,139,也门,338747.0
202502,44,第44章  木及木制品；木炭,141,越南,40254394.0
202502,44,第44章  木及木制品；木炭,143,中国台湾,14095210.0
202502,44,第44章  木及木制品；木炭,145,哈萨克斯坦,2413202.0
202502,44,第44章  木及木制品；木炭,148,土库曼斯坦,1427904.0
202502,44,第44章  木及木制品；木炭,149,乌兹别克斯坦,2952282.0
202502,44,第44章  木及木制品；木炭,150,格鲁吉亚,231621.0
202502,44,第44章  木及木制品；木炭,151,亚美尼亚,67487.0
202502,44,第44章  木及木制品；木炭,152,阿塞拜疆,146998.0
202502,44,第44章  木及木制品；木炭,202,安哥拉,626056.0
202502,44,第44章  木及木制品；木炭,204,博茨瓦纳,32200.0
202502,44,第44章  木及木制品；木炭,205,布隆迪,19430.0
202502,44,第44章  木及木制品；木炭,206,喀麦隆,133127.0
202502,44,第44章  木及木制品；木炭,212,科摩罗,68694.0
202502,44,第44章  木及木制品；木炭,217,埃塞俄比亚,385404.0
202502,44,第44章  木及木制品；木炭,218,加蓬,1797.0
202502,44,第44章  木及木制品；木炭,221,几内亚,973377.0
202502,44,第44章  木及木制品；木炭,223,科特迪瓦,310820.0
202502,44,第44章  木及木制品；木炭,225,利比里亚,31396.0
202502,44,第44章  木及木制品；木炭,230,毛里塔尼亚,37794.0
202502,44,第44章  木及木制品；木炭,231,毛里求斯,713398.0
202502,44,第44章  木及木制品；木炭,234,纳米比亚,6081.0
202502,44,第44章  木及木制品；木炭,237,留尼汪,82960.0
202502,44,第44章  木及木制品；木炭,240,塞内加尔,1031289.0
202502,44,第44章  木及木制品；木炭,242,塞拉利昂,15648.0
202502,44,第44章  木及木制品；木炭,243,索马里,1095821.0
202502,44,第44章  木及木制品；木炭,249,突尼斯,113851.0
202502,44,第44章  木及木制品；木炭,259,马约特,13400.0
202502,44,第44章  木及木制品；木炭,303,英国,37931286.0
202502,44,第44章  木及木制品；木炭,304,德国,18943054.0
202502,44,第44章  木及木制品；木炭,324,马耳他,190776.0
202502,44,第44章  木及木制品；木炭,344,俄罗斯,5561395.0
202502,44,第44章  木及木制品；木炭,351,克罗地亚,566108.0
202502,44,第44章  木及木制品；木炭,358,塞尔维亚,1950245.0
202502,44,第44章  木及木制品；木炭,401,安提瓜和巴布达,3784.0
202502,44,第44章  木及木制品；木炭,403,阿鲁巴,12505.0
202502,44,第44章  木及木制品；木炭,414,多米尼克,56.0
202502,44,第44章  木及木制品；木炭,417,库拉索 ,39082.0
202502,44,第44章  木及木制品；木炭,420,法属圭亚那,424.0
202502,44,第44章  木及木制品；木炭,421,格林纳达,17976.0
202502,44,第44章  木及木制品；木炭,424,圭亚那,273080.0
202502,44,第44章  木及木制品；木炭,425,海地,259282.0
202502,44,第44章  木及木制品；木炭,428,马提尼克,30783.0
202502,44,第44章  木及木制品；木炭,437,圣卢西亚,28909.0
202502,44,第44章  木及木制品；木炭,440,萨尔瓦多,717922.0
202502,44,第44章  木及木制品；木炭,441,苏里南,124684.0
202502,44,第44章  木及木制品；木炭,502,美国,150539986.0
202502,44,第44章  木及木制品；木炭,601,澳大利亚,33387629.0
202502,44,第44章  木及木制品；木炭,607,新喀里多尼亚,32636.0
202502,44,第44章  木及木制品；木炭,618,基里巴斯,5161.0
202502,45,第45章  软木及软木制品,110,中国香港,27483.0
202502,45,第45章  软木及软木制品,111,印度,146670.0
202502,45,第45章  软木及软木制品,112,印度尼西亚,2760.0
202502,45,第45章  软木及软木制品,116,日本,98577.0
202502,45,第45章  软木及软木制品,120,黎巴嫩,217.0
202502,45,第45章  软木及软木制品,122,马来西亚,1735.0
202502,45,第45章  软木及软木制品,126,阿曼,287.0
202502,45,第45章  软木及软木制品,132,新加坡,2046.0
202502,45,第45章  软木及软木制品,133,韩国,46802.0
202502,45,第45章  软木及软木制品,136,泰国,285488.0
202502,45,第45章  软木及软木制品,141,越南,1127312.0
202502,45,第45章  软木及软木制品,143,中国台湾,32664.0
202502,45,第45章  软木及软木制品,303,英国,47634.0
202502,45,第45章  软木及软木制品,304,德国,61679.0
202502,45,第45章  软木及软木制品,344,俄罗斯,408210.0
202502,45,第45章  软木及软木制品,351,克罗地亚,2808.0
202502,45,第45章  软木及软木制品,502,美国,387625.0
202502,45,第45章  软木及软木制品,601,澳大利亚,39180.0
202502,46,第46章  稻草、秸秆、针茅或其他编结材料制品；篮筐及柳条编结品,102,巴林,2477.0
202502,46,第46章  稻草、秸秆、针茅或其他编结材料制品；篮筐及柳条编结品,110,中国香港,169085.0
202502,46,第46章  稻草、秸秆、针茅或其他编结材料制品；篮筐及柳条编结品,111,印度,354139.0
202502,46,第46章  稻草、秸秆、针茅或其他编结材料制品；篮筐及柳条编结品,112,印度尼西亚,10381.0
202502,46,第46章  稻草、秸秆、针茅或其他编结材料制品；篮筐及柳条编结品,113,伊朗,615.0
202502,46,第46章  稻草、秸秆、针茅或其他编结材料制品；篮筐及柳条编结品,116,日本,7870817.0
202502,46,第46章  稻草、秸秆、针茅或其他编结材料制品；篮筐及柳条编结品,119,老挝,278.0
202502,46,第46章  稻草、秸秆、针茅或其他编结材料制品；篮筐及柳条编结品,120,黎巴嫩,16696.0
202502,46,第46章  稻草、秸秆、针茅或其他编结材料制品；篮筐及柳条编结品,122,马来西亚,851795.0
202502,46,第46章  稻草、秸秆、针茅或其他编结材料制品；篮筐及柳条编结品,126,阿曼,1623.0
202502,46,第46章  稻草、秸秆、针茅或其他编结材料制品；篮筐及柳条编结品,132,新加坡,150968.0
202502,46,第46章  稻草、秸秆、针茅或其他编结材料制品；篮筐及柳条编结品,133,韩国,632772.0
202502,46,第46章  稻草、秸秆、针茅或其他编结材料制品；篮筐及柳条编结品,136,泰国,160198.0
202502,46,第46章  稻草、秸秆、针茅或其他编结材料制品；篮筐及柳条编结品,141,越南,4276993.0
202502,46,第46章  稻草、秸秆、针茅或其他编结材料制品；篮筐及柳条编结品,143,中国台湾,410978.0
202502,46,第46章  稻草、秸秆、针茅或其他编结材料制品；篮筐及柳条编结品,145,哈萨克斯坦,333929.0
202502,46,第46章  稻草、秸秆、针茅或其他编结材料制品；篮筐及柳条编结品,149,乌兹别克斯坦,4982.0
202502,46,第46章  稻草、秸秆、针茅或其他编结材料制品；篮筐及柳条编结品,150,格鲁吉亚,2288.0
202502,46,第46章  稻草、秸秆、针茅或其他编结材料制品；篮筐及柳条编结品,151,亚美尼亚,435.0
202502,46,第46章  稻草、秸秆、针茅或其他编结材料制品；篮筐及柳条编结品,217,埃塞俄比亚,2000.0
202502,46,第46章  稻草、秸秆、针茅或其他编结材料制品；篮筐及柳条编结品,218,加蓬,308.0
202502,46,第46章  稻草、秸秆、针茅或其他编结材料制品；篮筐及柳条编结品,223,科特迪瓦,160.0
202502,46,第46章  稻草、秸秆、针茅或其他编结材料制品；篮筐及柳条编结品,231,毛里求斯,450.0
202502,46,第46章  稻草、秸秆、针茅或其他编结材料制品；篮筐及柳条编结品,237,留尼汪,4362.0
202502,46,第46章  稻草、秸秆、针茅或其他编结材料制品；篮筐及柳条编结品,249,突尼斯,19464.0
202502,46,第46章  稻草、秸秆、针茅或其他编结材料制品；篮筐及柳条编结品,303,英国,4294870.0
202502,46,第46章  稻草、秸秆、针茅或其他编结材料制品；篮筐及柳条编结品,304,德国,2706672.0
202502,46,第46章  稻草、秸秆、针茅或其他编结材料制品；篮筐及柳条编结品,324,马耳他,47.0
202502,46,第46章  稻草、秸秆、针茅或其他编结材料制品；篮筐及柳条编结品,344,俄罗斯,733918.0
202502,46,第46章  稻草、秸秆、针茅或其他编结材料制品；篮筐及柳条编结品,351,克罗地亚,136315.0
202502,46,第46章  稻草、秸秆、针茅或其他编结材料制品；篮筐及柳条编结品,358,塞尔维亚,26579.0
202502,46,第46章  稻草、秸秆、针茅或其他编结材料制品；篮筐及柳条编结品,420,法属圭亚那,663.0
202502,46,第46章  稻草、秸秆、针茅或其他编结材料制品；篮筐及柳条编结品,421,格林纳达,760.0
202502,46,第46章  稻草、秸秆、针茅或其他编结材料制品；篮筐及柳条编结品,428,马提尼克,175.0
202502,46,第46章  稻草、秸秆、针茅或其他编结材料制品；篮筐及柳条编结品,440,萨尔瓦多,3830.0
202502,46,第46章  稻草、秸秆、针茅或其他编结材料制品；篮筐及柳条编结品,502,美国,17264115.0
202502,46,第46章  稻草、秸秆、针茅或其他编结材料制品；篮筐及柳条编结品,601,澳大利亚,843661.0
202502,46,第46章  稻草、秸秆、针茅或其他编结材料制品；篮筐及柳条编结品,607,新喀里多尼亚,2889.0
202502,47,第47章  木浆及其他纤维状纤维素浆；回收（废碎）纸及纸板,102,巴林,17375.0
202502,47,第47章  木浆及其他纤维状纤维素浆；回收（废碎）纸及纸板,110,中国香港,173203.0
202502,47,第47章  木浆及其他纤维状纤维素浆；回收（废碎）纸及纸板,111,印度,34603.0
202502,47,第47章  木浆及其他纤维状纤维素浆；回收（废碎）纸及纸板,112,印度尼西亚,258439.0
202502,47,第47章  木浆及其他纤维状纤维素浆；回收（废碎）纸及纸板,113,伊朗,154083.0
202502,47,第47章  木浆及其他纤维状纤维素浆；回收（废碎）纸及纸板,116,日本,2942918.0
202502,47,第47章  木浆及其他纤维状纤维素浆；回收（废碎）纸及纸板,122,马来西亚,91784.0
202502,47,第47章  木浆及其他纤维状纤维素浆；回收（废碎）纸及纸板,126,阿曼,30821.0
202502,47,第47章  木浆及其他纤维状纤维素浆；回收（废碎）纸及纸板,133,韩国,3521257.0
202502,47,第47章  木浆及其他纤维状纤维素浆；回收（废碎）纸及纸板,136,泰国,1533973.0
202502,47,第47章  木浆及其他纤维状纤维素浆；回收（废碎）纸及纸板,141,越南,1784144.0
202502,47,第47章  木浆及其他纤维状纤维素浆；回收（废碎）纸及纸板,143,中国台湾,124444.0
202502,47,第47章  木浆及其他纤维状纤维素浆；回收（废碎）纸及纸板,149,乌兹别克斯坦,209050.0
202502,47,第47章  木浆及其他纤维状纤维素浆；回收（废碎）纸及纸板,202,安哥拉,177125.0
202502,47,第47章  木浆及其他纤维状纤维素浆；回收（废碎）纸及纸板,204,博茨瓦纳,23915.0
202502,47,第47章  木浆及其他纤维状纤维素浆；回收（废碎）纸及纸板,221,几内亚,58300.0
202502,47,第47章  木浆及其他纤维状纤维素浆；回收（废碎）纸及纸板,304,德国,2641.0
202502,47,第47章  木浆及其他纤维状纤维素浆；回收（废碎）纸及纸板,344,俄罗斯,3911489.0
202502,48,第48章  纸及纸板；纸浆、纸或纸板制品,102,巴林,1264380.0
202502,48,第48章  纸及纸板；纸浆、纸或纸板制品,104,不丹,24914.0
202502,48,第48章  纸及纸板；纸浆、纸或纸板制品,110,中国香港,52508016.0
202502,48,第48章  纸及纸板；纸浆、纸或纸板制品,111,印度,65513464.0
202502,48,第48章  纸及纸板；纸浆、纸或纸板制品,112,印度尼西亚,42505720.0
202502,48,第48章  纸及纸板；纸浆、纸或纸板制品,113,伊朗,5489957.0
202502,48,第48章  纸及纸板；纸浆、纸或纸板制品,116,日本,71751009.0
202502,48,第48章  纸及纸板；纸浆、纸或纸板制品,119,老挝,2566382.0
202502,48,第48章  纸及纸板；纸浆、纸或纸板制品,120,黎巴嫩,2734015.0
202502,48,第48章  纸及纸板；纸浆、纸或纸板制品,122,马来西亚,46969574.0
202502,48,第48章  纸及纸板；纸浆、纸或纸板制品,125,尼泊尔,448113.0
202502,48,第48章  纸及纸板；纸浆、纸或纸板制品,126,阿曼,1447187.0
202502,48,第48章  纸及纸板；纸浆、纸或纸板制品,132,新加坡,18881097.0
202502,48,第48章  纸及纸板；纸浆、纸或纸板制品,133,韩国,56218001.0
202502,48,第48章  纸及纸板；纸浆、纸或纸板制品,135,叙利亚,87584.0
202502,48,第48章  纸及纸板；纸浆、纸或纸板制品,136,泰国,64433390.0
202502,48,第48章  纸及纸板；纸浆、纸或纸板制品,139,也门,1667123.0
202502,48,第48章  纸及纸板；纸浆、纸或纸板制品,141,越南,105456405.0
202502,48,第48章  纸及纸板；纸浆、纸或纸板制品,143,中国台湾,41461896.0
202502,48,第48章  纸及纸板；纸浆、纸或纸板制品,145,哈萨克斯坦,9019475.0
202502,48,第48章  纸及纸板；纸浆、纸或纸板制品,148,土库曼斯坦,691441.0
202502,48,第48章  纸及纸板；纸浆、纸或纸板制品,149,乌兹别克斯坦,10174121.0
202502,48,第48章  纸及纸板；纸浆、纸或纸板制品,150,格鲁吉亚,779413.0
202502,48,第48章  纸及纸板；纸浆、纸或纸板制品,151,亚美尼亚,2236350.0
202502,48,第48章  纸及纸板；纸浆、纸或纸板制品,152,阿塞拜疆,4377810.0
202502,48,第48章  纸及纸板；纸浆、纸或纸板制品,202,安哥拉,2236351.0
202502,48,第48章  纸及纸板；纸浆、纸或纸板制品,204,博茨瓦纳,235441.0
202502,48,第48章  纸及纸板；纸浆、纸或纸板制品,205,布隆迪,12830.0
202502,48,第48章  纸及纸板；纸浆、纸或纸板制品,206,喀麦隆,2064381.0
202502,48,第48章  纸及纸板；纸浆、纸或纸板制品,212,科摩罗,70062.0
202502,48,第48章  纸及纸板；纸浆、纸或纸板制品,217,埃塞俄比亚,769653.0
202502,48,第48章  纸及纸板；纸浆、纸或纸板制品,218,加蓬,208173.0
202502,48,第48章  纸及纸板；纸浆、纸或纸板制品,221,几内亚,761426.0
202502,48,第48章  纸及纸板；纸浆、纸或纸板制品,223,科特迪瓦,2210298.0
202502,48,第48章  纸及纸板；纸浆、纸或纸板制品,225,利比里亚,108615.0
202502,48,第48章  纸及纸板；纸浆、纸或纸板制品,230,毛里塔尼亚,27548.0
202502,48,第48章  纸及纸板；纸浆、纸或纸板制品,231,毛里求斯,1035690.0
202502,48,第48章  纸及纸板；纸浆、纸或纸板制品,234,纳米比亚,207721.0
202502,48,第48章  纸及纸板；纸浆、纸或纸板制品,237,留尼汪,301161.0
202502,48,第48章  纸及纸板；纸浆、纸或纸板制品,240,塞内加尔,941629.0
202502,48,第48章  纸及纸板；纸浆、纸或纸板制品,242,塞拉利昂,49272.0
202502,48,第48章  纸及纸板；纸浆、纸或纸板制品,243,索马里,129637.0
202502,48,第48章  纸及纸板；纸浆、纸或纸板制品,249,突尼斯,482956.0
202502,48,第48章  纸及纸板；纸浆、纸或纸板制品,259,马约特,17926.0
202502,48,第48章  纸及纸板；纸浆、纸或纸板制品,260,南苏丹,14344.0
202502,48,第48章  纸及纸板；纸浆、纸或纸板制品,303,英国,34106285.0
202502,48,第48章  纸及纸板；纸浆、纸或纸板制品,304,德国,17966916.0
202502,48,第48章  纸及纸板；纸浆、纸或纸板制品,324,马耳他,132614.0
202502,48,第48章  纸及纸板；纸浆、纸或纸板制品,344,俄罗斯,50871454.0
202502,48,第48章  纸及纸板；纸浆、纸或纸板制品,351,克罗地亚,1815496.0
202502,48,第48章  纸及纸板；纸浆、纸或纸板制品,358,塞尔维亚,1697153.0
202502,48,第48章  纸及纸板；纸浆、纸或纸板制品,401,安提瓜和巴布达,90894.0
202502,48,第48章  纸及纸板；纸浆、纸或纸板制品,403,阿鲁巴,115962.0
202502,48,第48章  纸及纸板；纸浆、纸或纸板制品,414,多米尼克,368654.0
202502,48,第48章  纸及纸板；纸浆、纸或纸板制品,417,库拉索 ,167407.0
202502,48,第48章  纸及纸板；纸浆、纸或纸板制品,420,法属圭亚那,21086.0
202502,48,第48章  纸及纸板；纸浆、纸或纸板制品,421,格林纳达,15993.0
202502,48,第48章  纸及纸板；纸浆、纸或纸板制品,424,圭亚那,383707.0
202502,48,第48章  纸及纸板；纸浆、纸或纸板制品,425,海地,323399.0
202502,48,第48章  纸及纸板；纸浆、纸或纸板制品,428,马提尼克,802.0
202502,48,第48章  纸及纸板；纸浆、纸或纸板制品,437,圣卢西亚,16173.0
202502,48,第48章  纸及纸板；纸浆、纸或纸板制品,440,萨尔瓦多,1780044.0
202502,48,第48章  纸及纸板；纸浆、纸或纸板制品,441,苏里南,300182.0
202502,48,第48章  纸及纸板；纸浆、纸或纸板制品,502,美国,172031043.0
202502,48,第48章  纸及纸板；纸浆、纸或纸板制品,601,澳大利亚,69543486.0
202502,48,第48章  纸及纸板；纸浆、纸或纸板制品,607,新喀里多尼亚,443513.0
202502,48,第48章  纸及纸板；纸浆、纸或纸板制品,618,基里巴斯,7592.0
202502,49,第49章  书籍、报纸、印刷图画及其他印刷品；手稿、打字稿及设计图纸,102,巴林,7967.0
202502,49,第49章  书籍、报纸、印刷图画及其他印刷品；手稿、打字稿及设计图纸,110,中国香港,19344311.0
202502,49,第49章  书籍、报纸、印刷图画及其他印刷品；手稿、打字稿及设计图纸,111,印度,1672968.0
202502,49,第49章  书籍、报纸、印刷图画及其他印刷品；手稿、打字稿及设计图纸,112,印度尼西亚,1984003.0
202502,49,第49章  书籍、报纸、印刷图画及其他印刷品；手稿、打字稿及设计图纸,113,伊朗,33476.0
202502,49,第49章  书籍、报纸、印刷图画及其他印刷品；手稿、打字稿及设计图纸,116,日本,3989919.0
202502,49,第49章  书籍、报纸、印刷图画及其他印刷品；手稿、打字稿及设计图纸,119,老挝,49055.0
202502,49,第49章  书籍、报纸、印刷图画及其他印刷品；手稿、打字稿及设计图纸,120,黎巴嫩,2311.0
202502,49,第49章  书籍、报纸、印刷图画及其他印刷品；手稿、打字稿及设计图纸,122,马来西亚,2528809.0
202502,49,第49章  书籍、报纸、印刷图画及其他印刷品；手稿、打字稿及设计图纸,125,尼泊尔,1036733.0
202502,49,第49章  书籍、报纸、印刷图画及其他印刷品；手稿、打字稿及设计图纸,126,阿曼,24730.0
202502,49,第49章  书籍、报纸、印刷图画及其他印刷品；手稿、打字稿及设计图纸,132,新加坡,1675430.0
202502,49,第49章  书籍、报纸、印刷图画及其他印刷品；手稿、打字稿及设计图纸,133,韩国,2169564.0
202502,49,第49章  书籍、报纸、印刷图画及其他印刷品；手稿、打字稿及设计图纸,135,叙利亚,508.0
202502,49,第49章  书籍、报纸、印刷图画及其他印刷品；手稿、打字稿及设计图纸,136,泰国,2574783.0
202502,49,第49章  书籍、报纸、印刷图画及其他印刷品；手稿、打字稿及设计图纸,139,也门,15920.0
202502,49,第49章  书籍、报纸、印刷图画及其他印刷品；手稿、打字稿及设计图纸,141,越南,8087010.0
202502,49,第49章  书籍、报纸、印刷图画及其他印刷品；手稿、打字稿及设计图纸,143,中国台湾,955859.0
202502,49,第49章  书籍、报纸、印刷图画及其他印刷品；手稿、打字稿及设计图纸,145,哈萨克斯坦,95519.0
202502,49,第49章  书籍、报纸、印刷图画及其他印刷品；手稿、打字稿及设计图纸,148,土库曼斯坦,5595.0
202502,49,第49章  书籍、报纸、印刷图画及其他印刷品；手稿、打字稿及设计图纸,149,乌兹别克斯坦,210205.0
202502,49,第49章  书籍、报纸、印刷图画及其他印刷品；手稿、打字稿及设计图纸,150,格鲁吉亚,31035.0
202502,49,第49章  书籍、报纸、印刷图画及其他印刷品；手稿、打字稿及设计图纸,151,亚美尼亚,58041.0
202502,49,第49章  书籍、报纸、印刷图画及其他印刷品；手稿、打字稿及设计图纸,152,阿塞拜疆,117010.0
202502,49,第49章  书籍、报纸、印刷图画及其他印刷品；手稿、打字稿及设计图纸,202,安哥拉,270880.0
202502,49,第49章  书籍、报纸、印刷图画及其他印刷品；手稿、打字稿及设计图纸,204,博茨瓦纳,808.0
202502,49,第49章  书籍、报纸、印刷图画及其他印刷品；手稿、打字稿及设计图纸,205,布隆迪,11022.0
202502,49,第49章  书籍、报纸、印刷图画及其他印刷品；手稿、打字稿及设计图纸,206,喀麦隆,60178.0
202502,49,第49章  书籍、报纸、印刷图画及其他印刷品；手稿、打字稿及设计图纸,217,埃塞俄比亚,483179.0
202502,49,第49章  书籍、报纸、印刷图画及其他印刷品；手稿、打字稿及设计图纸,218,加蓬,3473.0
202502,49,第49章  书籍、报纸、印刷图画及其他印刷品；手稿、打字稿及设计图纸,221,几内亚,4195.0
202502,49,第49章  书籍、报纸、印刷图画及其他印刷品；手稿、打字稿及设计图纸,223,科特迪瓦,29273.0
202502,49,第49章  书籍、报纸、印刷图画及其他印刷品；手稿、打字稿及设计图纸,225,利比里亚,53809.0
202502,49,第49章  书籍、报纸、印刷图画及其他印刷品；手稿、打字稿及设计图纸,230,毛里塔尼亚,1026.0
202502,49,第49章  书籍、报纸、印刷图画及其他印刷品；手稿、打字稿及设计图纸,231,毛里求斯,16852.0
202502,49,第49章  书籍、报纸、印刷图画及其他印刷品；手稿、打字稿及设计图纸,234,纳米比亚,19703.0
202502,49,第49章  书籍、报纸、印刷图画及其他印刷品；手稿、打字稿及设计图纸,237,留尼汪,6286.0
202502,49,第49章  书籍、报纸、印刷图画及其他印刷品；手稿、打字稿及设计图纸,240,塞内加尔,98020.0
202502,49,第49章  书籍、报纸、印刷图画及其他印刷品；手稿、打字稿及设计图纸,242,塞拉利昂,3415.0
202502,49,第49章  书籍、报纸、印刷图画及其他印刷品；手稿、打字稿及设计图纸,243,索马里,2270.0
202502,49,第49章  书籍、报纸、印刷图画及其他印刷品；手稿、打字稿及设计图纸,249,突尼斯,30437.0
202502,49,第49章  书籍、报纸、印刷图画及其他印刷品；手稿、打字稿及设计图纸,259,马约特,342.0
202502,49,第49章  书籍、报纸、印刷图画及其他印刷品；手稿、打字稿及设计图纸,260,南苏丹,45.0
202502,49,第49章  书籍、报纸、印刷图画及其他印刷品；手稿、打字稿及设计图纸,303,英国,11226723.0
202502,49,第49章  书籍、报纸、印刷图画及其他印刷品；手稿、打字稿及设计图纸,304,德国,4087056.0
202502,49,第49章  书籍、报纸、印刷图画及其他印刷品；手稿、打字稿及设计图纸,324,马耳他,63216.0
202502,49,第49章  书籍、报纸、印刷图画及其他印刷品；手稿、打字稿及设计图纸,344,俄罗斯,856286.0
202502,49,第49章  书籍、报纸、印刷图画及其他印刷品；手稿、打字稿及设计图纸,351,克罗地亚,253650.0
202502,49,第49章  书籍、报纸、印刷图画及其他印刷品；手稿、打字稿及设计图纸,358,塞尔维亚,69375.0
202502,49,第49章  书籍、报纸、印刷图画及其他印刷品；手稿、打字稿及设计图纸,401,安提瓜和巴布达,1624.0
202502,49,第49章  书籍、报纸、印刷图画及其他印刷品；手稿、打字稿及设计图纸,403,阿鲁巴,492.0
202502,49,第49章  书籍、报纸、印刷图画及其他印刷品；手稿、打字稿及设计图纸,414,多米尼克,1509.0
202502,49,第49章  书籍、报纸、印刷图画及其他印刷品；手稿、打字稿及设计图纸,417,库拉索 ,3987.0
202502,49,第49章  书籍、报纸、印刷图画及其他印刷品；手稿、打字稿及设计图纸,420,法属圭亚那,6.0
202502,49,第49章  书籍、报纸、印刷图画及其他印刷品；手稿、打字稿及设计图纸,424,圭亚那,33383.0
202502,49,第49章  书籍、报纸、印刷图画及其他印刷品；手稿、打字稿及设计图纸,428,马提尼克,11105.0
202502,49,第49章  书籍、报纸、印刷图画及其他印刷品；手稿、打字稿及设计图纸,437,圣卢西亚,154.0
202502,49,第49章  书籍、报纸、印刷图画及其他印刷品；手稿、打字稿及设计图纸,440,萨尔瓦多,115337.0
202502,49,第49章  书籍、报纸、印刷图画及其他印刷品；手稿、打字稿及设计图纸,441,苏里南,216.0
202502,49,第49章  书籍、报纸、印刷图画及其他印刷品；手稿、打字稿及设计图纸,502,美国,86326181.0
202502,49,第49章  书籍、报纸、印刷图画及其他印刷品；手稿、打字稿及设计图纸,601,澳大利亚,5873474.0
202502,49,第49章  书籍、报纸、印刷图画及其他印刷品；手稿、打字稿及设计图纸,607,新喀里多尼亚,66.0
202502,49,第49章  书籍、报纸、印刷图画及其他印刷品；手稿、打字稿及设计图纸,618,基里巴斯,845.0
202502,50,第50章  蚕丝,110,中国香港,963657.0
202502,50,第50章  蚕丝,111,印度,6166121.0
202502,50,第50章  蚕丝,112,印度尼西亚,2584.0
202502,50,第50章  蚕丝,116,日本,582641.0
202502,50,第50章  蚕丝,119,老挝,1508.0
202502,50,第50章  蚕丝,120,黎巴嫩,4770.0
202502,50,第50章  蚕丝,122,马来西亚,165197.0
202502,50,第50章  蚕丝,125,尼泊尔,313531.0
202502,50,第50章  蚕丝,132,新加坡,14184.0
202502,50,第50章  蚕丝,133,韩国,1043726.0
202502,50,第50章  蚕丝,136,泰国,120973.0
202502,50,第50章  蚕丝,141,越南,3169890.0
202502,50,第50章  蚕丝,143,中国台湾,52999.0
202502,50,第50章  蚕丝,150,格鲁吉亚,90.0
202502,50,第50章  蚕丝,151,亚美尼亚,10324.0
202502,50,第50章  蚕丝,152,阿塞拜疆,7409.0
202502,50,第50章  蚕丝,231,毛里求斯,113.0
202502,50,第50章  蚕丝,303,英国,284367.0
202502,50,第50章  蚕丝,304,德国,113986.0
202502,50,第50章  蚕丝,344,俄罗斯,667673.0
202502,50,第50章  蚕丝,351,克罗地亚,27200.0
202502,50,第50章  蚕丝,358,塞尔维亚,7200.0
202502,50,第50章  蚕丝,502,美国,1182449.0
202502,50,第50章  蚕丝,601,澳大利亚,8853.0
202502,51,第51章  羊毛、动物细毛或粗毛；马毛纱线及其机织物,110,中国香港,12245665.0
202502,51,第51章  羊毛、动物细毛或粗毛；马毛纱线及其机织物,111,印度,3281644.0
202502,51,第51章  羊毛、动物细毛或粗毛；马毛纱线及其机织物,112,印度尼西亚,1782969.0
202502,51,第51章  羊毛、动物细毛或粗毛；马毛纱线及其机织物,113,伊朗,362673.0
202502,51,第51章  羊毛、动物细毛或粗毛；马毛纱线及其机织物,116,日本,4929982.0
202502,51,第51章  羊毛、动物细毛或粗毛；马毛纱线及其机织物,119,老挝,517348.0
202502,51,第51章  羊毛、动物细毛或粗毛；马毛纱线及其机织物,122,马来西亚,4999.0
202502,51,第51章  羊毛、动物细毛或粗毛；马毛纱线及其机织物,125,尼泊尔,1185007.0
202502,51,第51章  羊毛、动物细毛或粗毛；马毛纱线及其机织物,132,新加坡,102604.0
202502,51,第51章  羊毛、动物细毛或粗毛；马毛纱线及其机织物,133,韩国,5274065.0
202502,51,第51章  羊毛、动物细毛或粗毛；马毛纱线及其机织物,136,泰国,2637834.0
202502,51,第51章  羊毛、动物细毛或粗毛；马毛纱线及其机织物,141,越南,10480147.0
202502,51,第51章  羊毛、动物细毛或粗毛；马毛纱线及其机织物,143,中国台湾,432625.0
202502,51,第51章  羊毛、动物细毛或粗毛；马毛纱线及其机织物,145,哈萨克斯坦,27.0
202502,51,第51章  羊毛、动物细毛或粗毛；马毛纱线及其机织物,148,土库曼斯坦,137254.0
202502,51,第51章  羊毛、动物细毛或粗毛；马毛纱线及其机织物,149,乌兹别克斯坦,190664.0
202502,51,第51章  羊毛、动物细毛或粗毛；马毛纱线及其机织物,151,亚美尼亚,3627.0
202502,51,第51章  羊毛、动物细毛或粗毛；马毛纱线及其机织物,231,毛里求斯,17556.0
202502,51,第51章  羊毛、动物细毛或粗毛；马毛纱线及其机织物,234,纳米比亚,782.0
202502,51,第51章  羊毛、动物细毛或粗毛；马毛纱线及其机织物,303,英国,2141651.0
202502,51,第51章  羊毛、动物细毛或粗毛；马毛纱线及其机织物,304,德国,2191135.0
202502,51,第51章  羊毛、动物细毛或粗毛；马毛纱线及其机织物,344,俄罗斯,354765.0
202502,51,第51章  羊毛、动物细毛或粗毛；马毛纱线及其机织物,358,塞尔维亚,162681.0
202502,51,第51章  羊毛、动物细毛或粗毛；马毛纱线及其机织物,502,美国,514851.0
202502,51,第51章  羊毛、动物细毛或粗毛；马毛纱线及其机织物,601,澳大利亚,647716.0
202502,52,第52章  棉花,102,巴林,122136.0
202502,52,第52章  棉花,110,中国香港,7756023.0
202502,52,第52章  棉花,111,印度,4949143.0
202502,52,第52章  棉花,112,印度尼西亚,14087865.0
202502,52,第52章  棉花,113,伊朗,519807.0
202502,52,第52章  棉花,116,日本,2242055.0
202502,52,第52章  棉花,119,老挝,68532.0
202502,52,第52章  棉花,120,黎巴嫩,664815.0
202502,52,第52章  棉花,122,马来西亚,2043544.0
202502,52,第52章  棉花,125,尼泊尔,867098.0
202502,52,第52章  棉花,132,新加坡,874256.0
202502,52,第52章  棉花,133,韩国,7122039.0
202502,52,第52章  棉花,136,泰国,9172162.0
202502,52,第52章  棉花,139,也门,61663.0
202502,52,第52章  棉花,141,越南,81727708.0
202502,52,第52章  棉花,143,中国台湾,369289.0
202502,52,第52章  棉花,145,哈萨克斯坦,1535974.0
202502,52,第52章  棉花,149,乌兹别克斯坦,963673.0
202502,52,第52章  棉花,150,格鲁吉亚,30211.0
202502,52,第52章  棉花,151,亚美尼亚,170299.0
202502,52,第52章  棉花,152,阿塞拜疆,260825.0
202502,52,第52章  棉花,202,安哥拉,293269.0
202502,52,第52章  棉花,206,喀麦隆,887537.0
202502,52,第52章  棉花,217,埃塞俄比亚,448475.0
202502,52,第52章  棉花,218,加蓬,103242.0
202502,52,第52章  棉花,221,几内亚,320760.0
202502,52,第52章  棉花,223,科特迪瓦,738333.0
202502,52,第52章  棉花,225,利比里亚,213604.0
202502,52,第52章  棉花,230,毛里塔尼亚,1162482.0
202502,52,第52章  棉花,231,毛里求斯,220717.0
202502,52,第52章  棉花,240,塞内加尔,6953572.0
202502,52,第52章  棉花,242,塞拉利昂,137692.0
202502,52,第52章  棉花,249,突尼斯,344543.0
202502,52,第52章  棉花,303,英国,636301.0
202502,52,第52章  棉花,304,德国,2058782.0
202502,52,第52章  棉花,344,俄罗斯,8014942.0
202502,52,第52章  棉花,351,克罗地亚,61613.0
202502,52,第52章  棉花,358,塞尔维亚,369115.0
202502,52,第52章  棉花,425,海地,96562.0
202502,52,第52章  棉花,440,萨尔瓦多,214508.0
202502,52,第52章  棉花,441,苏里南,148895.0
202502,52,第52章  棉花,502,美国,2204006.0
202502,52,第52章  棉花,601,澳大利亚,613272.0
202502,53,第53章  其他植物纺织纤维；纸纱线及其机织物,110,中国香港,199392.0
202502,53,第53章  其他植物纺织纤维；纸纱线及其机织物,111,印度,2809561.0
202502,53,第53章  其他植物纺织纤维；纸纱线及其机织物,112,印度尼西亚,1018817.0
202502,53,第53章  其他植物纺织纤维；纸纱线及其机织物,116,日本,1175558.0
202502,53,第53章  其他植物纺织纤维；纸纱线及其机织物,119,老挝,3954.0
202502,53,第53章  其他植物纺织纤维；纸纱线及其机织物,122,马来西亚,23083.0
202502,53,第53章  其他植物纺织纤维；纸纱线及其机织物,125,尼泊尔,18329.0
202502,53,第53章  其他植物纺织纤维；纸纱线及其机织物,132,新加坡,22371.0
202502,53,第53章  其他植物纺织纤维；纸纱线及其机织物,133,韩国,2945960.0
202502,53,第53章  其他植物纺织纤维；纸纱线及其机织物,136,泰国,384424.0
202502,53,第53章  其他植物纺织纤维；纸纱线及其机织物,141,越南,6398854.0
202502,53,第53章  其他植物纺织纤维；纸纱线及其机织物,143,中国台湾,73974.0
202502,53,第53章  其他植物纺织纤维；纸纱线及其机织物,145,哈萨克斯坦,82144.0
202502,53,第53章  其他植物纺织纤维；纸纱线及其机织物,150,格鲁吉亚,1042.0
202502,53,第53章  其他植物纺织纤维；纸纱线及其机织物,151,亚美尼亚,2880.0
202502,53,第53章  其他植物纺织纤维；纸纱线及其机织物,152,阿塞拜疆,905.0
202502,53,第53章  其他植物纺织纤维；纸纱线及其机织物,202,安哥拉,242.0
202502,53,第53章  其他植物纺织纤维；纸纱线及其机织物,217,埃塞俄比亚,105278.0
202502,53,第53章  其他植物纺织纤维；纸纱线及其机织物,221,几内亚,1428.0
202502,53,第53章  其他植物纺织纤维；纸纱线及其机织物,231,毛里求斯,56634.0
202502,53,第53章  其他植物纺织纤维；纸纱线及其机织物,237,留尼汪,69.0
202502,53,第53章  其他植物纺织纤维；纸纱线及其机织物,303,英国,117239.0
202502,53,第53章  其他植物纺织纤维；纸纱线及其机织物,304,德国,542958.0
202502,53,第53章  其他植物纺织纤维；纸纱线及其机织物,324,马耳他,412.0
202502,53,第53章  其他植物纺织纤维；纸纱线及其机织物,344,俄罗斯,236905.0
202502,53,第53章  其他植物纺织纤维；纸纱线及其机织物,351,克罗地亚,1890.0
202502,53,第53章  其他植物纺织纤维；纸纱线及其机织物,358,塞尔维亚,1043.0
202502,53,第53章  其他植物纺织纤维；纸纱线及其机织物,420,法属圭亚那,241.0
202502,53,第53章  其他植物纺织纤维；纸纱线及其机织物,424,圭亚那,141.0
202502,53,第53章  其他植物纺织纤维；纸纱线及其机织物,440,萨尔瓦多,2880.0
202502,53,第53章  其他植物纺织纤维；纸纱线及其机织物,502,美国,750332.0
202502,53,第53章  其他植物纺织纤维；纸纱线及其机织物,601,澳大利亚,150327.0
202502,54,第54章  化学纤维长丝；化学纤维纺织材料制扁条及类似品,102,巴林,215917.0
202502,54,第54章  化学纤维长丝；化学纤维纺织材料制扁条及类似品,110,中国香港,3650589.0
202502,54,第54章  化学纤维长丝；化学纤维纺织材料制扁条及类似品,111,印度,87756692.0
202502,54,第54章  化学纤维长丝；化学纤维纺织材料制扁条及类似品,112,印度尼西亚,69590894.0
202502,54,第54章  化学纤维长丝；化学纤维纺织材料制扁条及类似品,113,伊朗,11798574.0
202502,54,第54章  化学纤维长丝；化学纤维纺织材料制扁条及类似品,116,日本,16474300.0
202502,54,第54章  化学纤维长丝；化学纤维纺织材料制扁条及类似品,119,老挝,289221.0
202502,54,第54章  化学纤维长丝；化学纤维纺织材料制扁条及类似品,120,黎巴嫩,2490420.0
202502,54,第54章  化学纤维长丝；化学纤维纺织材料制扁条及类似品,122,马来西亚,14903279.0
202502,54,第54章  化学纤维长丝；化学纤维纺织材料制扁条及类似品,125,尼泊尔,1855792.0
202502,54,第54章  化学纤维长丝；化学纤维纺织材料制扁条及类似品,126,阿曼,376143.0
202502,54,第54章  化学纤维长丝；化学纤维纺织材料制扁条及类似品,132,新加坡,2576779.0
202502,54,第54章  化学纤维长丝；化学纤维纺织材料制扁条及类似品,133,韩国,46345084.0
202502,54,第54章  化学纤维长丝；化学纤维纺织材料制扁条及类似品,135,叙利亚,100830.0
202502,54,第54章  化学纤维长丝；化学纤维纺织材料制扁条及类似品,136,泰国,27298117.0
202502,54,第54章  化学纤维长丝；化学纤维纺织材料制扁条及类似品,139,也门,6635829.0
202502,54,第54章  化学纤维长丝；化学纤维纺织材料制扁条及类似品,141,越南,174188434.0
202502,54,第54章  化学纤维长丝；化学纤维纺织材料制扁条及类似品,143,中国台湾,6892531.0
202502,54,第54章  化学纤维长丝；化学纤维纺织材料制扁条及类似品,145,哈萨克斯坦,10136891.0
202502,54,第54章  化学纤维长丝；化学纤维纺织材料制扁条及类似品,148,土库曼斯坦,702031.0
202502,54,第54章  化学纤维长丝；化学纤维纺织材料制扁条及类似品,149,乌兹别克斯坦,15599223.0
202502,54,第54章  化学纤维长丝；化学纤维纺织材料制扁条及类似品,150,格鲁吉亚,607914.0
202502,54,第54章  化学纤维长丝；化学纤维纺织材料制扁条及类似品,151,亚美尼亚,60655.0
202502,54,第54章  化学纤维长丝；化学纤维纺织材料制扁条及类似品,152,阿塞拜疆,1799644.0
202502,54,第54章  化学纤维长丝；化学纤维纺织材料制扁条及类似品,202,安哥拉,1296809.0
202502,54,第54章  化学纤维长丝；化学纤维纺织材料制扁条及类似品,206,喀麦隆,1579621.0
202502,54,第54章  化学纤维长丝；化学纤维纺织材料制扁条及类似品,217,埃塞俄比亚,3134984.0
202502,54,第54章  化学纤维长丝；化学纤维纺织材料制扁条及类似品,218,加蓬,151324.0
202502,54,第54章  化学纤维长丝；化学纤维纺织材料制扁条及类似品,221,几内亚,930701.0
202502,54,第54章  化学纤维长丝；化学纤维纺织材料制扁条及类似品,223,科特迪瓦,1689314.0
202502,54,第54章  化学纤维长丝；化学纤维纺织材料制扁条及类似品,225,利比里亚,46553.0
202502,54,第54章  化学纤维长丝；化学纤维纺织材料制扁条及类似品,230,毛里塔尼亚,799435.0
202502,54,第54章  化学纤维长丝；化学纤维纺织材料制扁条及类似品,231,毛里求斯,173802.0
202502,54,第54章  化学纤维长丝；化学纤维纺织材料制扁条及类似品,234,纳米比亚,51569.0
202502,54,第54章  化学纤维长丝；化学纤维纺织材料制扁条及类似品,240,塞内加尔,2600864.0
202502,54,第54章  化学纤维长丝；化学纤维纺织材料制扁条及类似品,242,塞拉利昂,902822.0
202502,54,第54章  化学纤维长丝；化学纤维纺织材料制扁条及类似品,243,索马里,1078540.0
202502,54,第54章  化学纤维长丝；化学纤维纺织材料制扁条及类似品,249,突尼斯,2242319.0
202502,54,第54章  化学纤维长丝；化学纤维纺织材料制扁条及类似品,259,马约特,1870.0
202502,54,第54章  化学纤维长丝；化学纤维纺织材料制扁条及类似品,303,英国,4198708.0
202502,54,第54章  化学纤维长丝；化学纤维纺织材料制扁条及类似品,304,德国,8347486.0
202502,54,第54章  化学纤维长丝；化学纤维纺织材料制扁条及类似品,324,马耳他,296996.0
202502,54,第54章  化学纤维长丝；化学纤维纺织材料制扁条及类似品,344,俄罗斯,30334992.0
202502,54,第54章  化学纤维长丝；化学纤维纺织材料制扁条及类似品,351,克罗地亚,941654.0
202502,54,第54章  化学纤维长丝；化学纤维纺织材料制扁条及类似品,358,塞尔维亚,1184716.0
202502,54,第54章  化学纤维长丝；化学纤维纺织材料制扁条及类似品,414,多米尼克,32.0
202502,54,第54章  化学纤维长丝；化学纤维纺织材料制扁条及类似品,420,法属圭亚那,1589.0
202502,54,第54章  化学纤维长丝；化学纤维纺织材料制扁条及类似品,424,圭亚那,11630.0
202502,54,第54章  化学纤维长丝；化学纤维纺织材料制扁条及类似品,425,海地,117918.0
202502,54,第54章  化学纤维长丝；化学纤维纺织材料制扁条及类似品,428,马提尼克,960.0
202502,54,第54章  化学纤维长丝；化学纤维纺织材料制扁条及类似品,437,圣卢西亚,1046.0
202502,54,第54章  化学纤维长丝；化学纤维纺织材料制扁条及类似品,440,萨尔瓦多,674136.0
202502,54,第54章  化学纤维长丝；化学纤维纺织材料制扁条及类似品,441,苏里南,45737.0
202502,54,第54章  化学纤维长丝；化学纤维纺织材料制扁条及类似品,502,美国,20264608.0
202502,54,第54章  化学纤维长丝；化学纤维纺织材料制扁条及类似品,601,澳大利亚,6064349.0
202502,54,第54章  化学纤维长丝；化学纤维纺织材料制扁条及类似品,607,新喀里多尼亚,52.0
202502,55,第55章  化学纤维短纤,102,巴林,212230.0
202502,55,第55章  化学纤维短纤,110,中国香港,3286122.0
202502,55,第55章  化学纤维短纤,111,印度,16770181.0
202502,55,第55章  化学纤维短纤,112,印度尼西亚,20358743.0
202502,55,第55章  化学纤维短纤,113,伊朗,4704135.0
202502,55,第55章  化学纤维短纤,116,日本,5587966.0
202502,55,第55章  化学纤维短纤,119,老挝,726608.0
202502,55,第55章  化学纤维短纤,120,黎巴嫩,520455.0
202502,55,第55章  化学纤维短纤,122,马来西亚,6649092.0
202502,55,第55章  化学纤维短纤,125,尼泊尔,5152500.0
202502,55,第55章  化学纤维短纤,126,阿曼,834622.0
202502,55,第55章  化学纤维短纤,132,新加坡,1811388.0
202502,55,第55章  化学纤维短纤,133,韩国,14417666.0
202502,55,第55章  化学纤维短纤,135,叙利亚,152037.0
202502,55,第55章  化学纤维短纤,136,泰国,10091653.0
202502,55,第55章  化学纤维短纤,139,也门,1933513.0
202502,55,第55章  化学纤维短纤,141,越南,71505747.0
202502,55,第55章  化学纤维短纤,143,中国台湾,1951329.0
202502,55,第55章  化学纤维短纤,145,哈萨克斯坦,2167349.0
202502,55,第55章  化学纤维短纤,148,土库曼斯坦,945600.0
202502,55,第55章  化学纤维短纤,149,乌兹别克斯坦,14694416.0
202502,55,第55章  化学纤维短纤,150,格鲁吉亚,199960.0
202502,55,第55章  化学纤维短纤,151,亚美尼亚,25459.0
202502,55,第55章  化学纤维短纤,152,阿塞拜疆,295991.0
202502,55,第55章  化学纤维短纤,202,安哥拉,516791.0
202502,55,第55章  化学纤维短纤,206,喀麦隆,1729333.0
202502,55,第55章  化学纤维短纤,212,科摩罗,327.0
202502,55,第55章  化学纤维短纤,217,埃塞俄比亚,1220517.0
202502,55,第55章  化学纤维短纤,218,加蓬,23661.0
202502,55,第55章  化学纤维短纤,221,几内亚,553254.0
202502,55,第55章  化学纤维短纤,223,科特迪瓦,299338.0
202502,55,第55章  化学纤维短纤,230,毛里塔尼亚,886491.0
202502,55,第55章  化学纤维短纤,231,毛里求斯,166759.0
202502,55,第55章  化学纤维短纤,234,纳米比亚,44953.0
202502,55,第55章  化学纤维短纤,240,塞内加尔,2273547.0
202502,55,第55章  化学纤维短纤,242,塞拉利昂,48821.0
202502,55,第55章  化学纤维短纤,243,索马里,5297674.0
202502,55,第55章  化学纤维短纤,249,突尼斯,1339168.0
202502,55,第55章  化学纤维短纤,303,英国,1950566.0
202502,55,第55章  化学纤维短纤,304,德国,3942943.0
202502,55,第55章  化学纤维短纤,324,马耳他,3109.0
202502,55,第55章  化学纤维短纤,344,俄罗斯,21549328.0
202502,55,第55章  化学纤维短纤,351,克罗地亚,262578.0
202502,55,第55章  化学纤维短纤,358,塞尔维亚,409208.0
202502,55,第55章  化学纤维短纤,425,海地,1236580.0
202502,55,第55章  化学纤维短纤,440,萨尔瓦多,224175.0
202502,55,第55章  化学纤维短纤,441,苏里南,37055.0
202502,55,第55章  化学纤维短纤,502,美国,7981281.0
202502,55,第55章  化学纤维短纤,601,澳大利亚,809414.0
202502,56,第56章  絮胎、毡呢及无纺织物；特种纱线；线、绳、索、缆及其制品,102,巴林,134255.0
202502,56,第56章  絮胎、毡呢及无纺织物；特种纱线；线、绳、索、缆及其制品,110,中国香港,8595964.0
202502,56,第56章  絮胎、毡呢及无纺织物；特种纱线；线、绳、索、缆及其制品,111,印度,8970189.0
202502,56,第56章  絮胎、毡呢及无纺织物；特种纱线；线、绳、索、缆及其制品,112,印度尼西亚,16055199.0
202502,56,第56章  絮胎、毡呢及无纺织物；特种纱线；线、绳、索、缆及其制品,113,伊朗,347600.0
202502,56,第56章  絮胎、毡呢及无纺织物；特种纱线；线、绳、索、缆及其制品,116,日本,28372773.0
202502,56,第56章  絮胎、毡呢及无纺织物；特种纱线；线、绳、索、缆及其制品,119,老挝,352360.0
202502,56,第56章  絮胎、毡呢及无纺织物；特种纱线；线、绳、索、缆及其制品,120,黎巴嫩,167476.0
202502,56,第56章  絮胎、毡呢及无纺织物；特种纱线；线、绳、索、缆及其制品,122,马来西亚,9680036.0
202502,56,第56章  絮胎、毡呢及无纺织物；特种纱线；线、绳、索、缆及其制品,125,尼泊尔,124438.0
202502,56,第56章  絮胎、毡呢及无纺织物；特种纱线；线、绳、索、缆及其制品,126,阿曼,222947.0
202502,56,第56章  絮胎、毡呢及无纺织物；特种纱线；线、绳、索、缆及其制品,132,新加坡,4191895.0
202502,56,第56章  絮胎、毡呢及无纺织物；特种纱线；线、绳、索、缆及其制品,133,韩国,26491752.0
202502,56,第56章  絮胎、毡呢及无纺织物；特种纱线；线、绳、索、缆及其制品,136,泰国,11443708.0
202502,56,第56章  絮胎、毡呢及无纺织物；特种纱线；线、绳、索、缆及其制品,139,也门,1702327.0
202502,56,第56章  絮胎、毡呢及无纺织物；特种纱线；线、绳、索、缆及其制品,141,越南,40611454.0
202502,56,第56章  絮胎、毡呢及无纺织物；特种纱线；线、绳、索、缆及其制品,143,中国台湾,6417351.0
202502,56,第56章  絮胎、毡呢及无纺织物；特种纱线；线、绳、索、缆及其制品,145,哈萨克斯坦,1937967.0
202502,56,第56章  絮胎、毡呢及无纺织物；特种纱线；线、绳、索、缆及其制品,148,土库曼斯坦,31198.0
202502,56,第56章  絮胎、毡呢及无纺织物；特种纱线；线、绳、索、缆及其制品,149,乌兹别克斯坦,3100904.0
202502,56,第56章  絮胎、毡呢及无纺织物；特种纱线；线、绳、索、缆及其制品,150,格鲁吉亚,31459.0
202502,56,第56章  絮胎、毡呢及无纺织物；特种纱线；线、绳、索、缆及其制品,151,亚美尼亚,55845.0
202502,56,第56章  絮胎、毡呢及无纺织物；特种纱线；线、绳、索、缆及其制品,152,阿塞拜疆,510849.0
202502,56,第56章  絮胎、毡呢及无纺织物；特种纱线；线、绳、索、缆及其制品,202,安哥拉,1023107.0
202502,56,第56章  絮胎、毡呢及无纺织物；特种纱线；线、绳、索、缆及其制品,204,博茨瓦纳,20260.0
202502,56,第56章  絮胎、毡呢及无纺织物；特种纱线；线、绳、索、缆及其制品,205,布隆迪,787.0
202502,56,第56章  絮胎、毡呢及无纺织物；特种纱线；线、绳、索、缆及其制品,206,喀麦隆,620930.0
202502,56,第56章  絮胎、毡呢及无纺织物；特种纱线；线、绳、索、缆及其制品,217,埃塞俄比亚,314593.0
202502,56,第56章  絮胎、毡呢及无纺织物；特种纱线；线、绳、索、缆及其制品,218,加蓬,9102.0
202502,56,第56章  絮胎、毡呢及无纺织物；特种纱线；线、绳、索、缆及其制品,221,几内亚,447043.0
202502,56,第56章  絮胎、毡呢及无纺织物；特种纱线；线、绳、索、缆及其制品,223,科特迪瓦,88010.0
202502,56,第56章  絮胎、毡呢及无纺织物；特种纱线；线、绳、索、缆及其制品,225,利比里亚,472782.0
202502,56,第56章  絮胎、毡呢及无纺织物；特种纱线；线、绳、索、缆及其制品,230,毛里塔尼亚,289712.0
202502,56,第56章  絮胎、毡呢及无纺织物；特种纱线；线、绳、索、缆及其制品,231,毛里求斯,74793.0
202502,56,第56章  絮胎、毡呢及无纺织物；特种纱线；线、绳、索、缆及其制品,234,纳米比亚,1300.0
202502,56,第56章  絮胎、毡呢及无纺织物；特种纱线；线、绳、索、缆及其制品,237,留尼汪,13381.0
202502,56,第56章  絮胎、毡呢及无纺织物；特种纱线；线、绳、索、缆及其制品,240,塞内加尔,971752.0
202502,56,第56章  絮胎、毡呢及无纺织物；特种纱线；线、绳、索、缆及其制品,242,塞拉利昂,910.0
202502,56,第56章  絮胎、毡呢及无纺织物；特种纱线；线、绳、索、缆及其制品,243,索马里,112053.0
202502,56,第56章  絮胎、毡呢及无纺织物；特种纱线；线、绳、索、缆及其制品,249,突尼斯,189801.0
202502,56,第56章  絮胎、毡呢及无纺织物；特种纱线；线、绳、索、缆及其制品,260,南苏丹,2361.0
202502,56,第56章  絮胎、毡呢及无纺织物；特种纱线；线、绳、索、缆及其制品,303,英国,4931089.0
202502,56,第56章  絮胎、毡呢及无纺织物；特种纱线；线、绳、索、缆及其制品,304,德国,11873376.0
202502,56,第56章  絮胎、毡呢及无纺织物；特种纱线；线、绳、索、缆及其制品,324,马耳他,72847.0
202502,56,第56章  絮胎、毡呢及无纺织物；特种纱线；线、绳、索、缆及其制品,344,俄罗斯,10468850.0
202502,56,第56章  絮胎、毡呢及无纺织物；特种纱线；线、绳、索、缆及其制品,351,克罗地亚,648308.0
202502,56,第56章  絮胎、毡呢及无纺织物；特种纱线；线、绳、索、缆及其制品,358,塞尔维亚,730526.0
202502,56,第56章  絮胎、毡呢及无纺织物；特种纱线；线、绳、索、缆及其制品,401,安提瓜和巴布达,76464.0
202502,56,第56章  絮胎、毡呢及无纺织物；特种纱线；线、绳、索、缆及其制品,403,阿鲁巴,7700.0
202502,56,第56章  絮胎、毡呢及无纺织物；特种纱线；线、绳、索、缆及其制品,417,库拉索 ,214.0
202502,56,第56章  絮胎、毡呢及无纺织物；特种纱线；线、绳、索、缆及其制品,420,法属圭亚那,194.0
202502,56,第56章  絮胎、毡呢及无纺织物；特种纱线；线、绳、索、缆及其制品,424,圭亚那,67743.0
202502,56,第56章  絮胎、毡呢及无纺织物；特种纱线；线、绳、索、缆及其制品,425,海地,2936.0
202502,56,第56章  絮胎、毡呢及无纺织物；特种纱线；线、绳、索、缆及其制品,428,马提尼克,892.0
202502,56,第56章  絮胎、毡呢及无纺织物；特种纱线；线、绳、索、缆及其制品,437,圣卢西亚,34.0
202502,56,第56章  絮胎、毡呢及无纺织物；特种纱线；线、绳、索、缆及其制品,440,萨尔瓦多,261608.0
202502,56,第56章  絮胎、毡呢及无纺织物；特种纱线；线、绳、索、缆及其制品,441,苏里南,5880.0
202502,56,第56章  絮胎、毡呢及无纺织物；特种纱线；线、绳、索、缆及其制品,502,美国,48888189.0
202502,56,第56章  絮胎、毡呢及无纺织物；特种纱线；线、绳、索、缆及其制品,601,澳大利亚,6869338.0
202502,56,第56章  絮胎、毡呢及无纺织物；特种纱线；线、绳、索、缆及其制品,607,新喀里多尼亚,13159.0
202502,56,第56章  絮胎、毡呢及无纺织物；特种纱线；线、绳、索、缆及其制品,618,基里巴斯,3821.0
202502,57,第57章  地毯及纺织材料的其他铺地制品,102,巴林,274754.0
202502,57,第57章  地毯及纺织材料的其他铺地制品,110,中国香港,1321106.0
202502,57,第57章  地毯及纺织材料的其他铺地制品,111,印度,4987197.0
202502,57,第57章  地毯及纺织材料的其他铺地制品,112,印度尼西亚,841777.0
202502,57,第57章  地毯及纺织材料的其他铺地制品,113,伊朗,237581.0
202502,57,第57章  地毯及纺织材料的其他铺地制品,116,日本,14935379.0
202502,57,第57章  地毯及纺织材料的其他铺地制品,119,老挝,92887.0
202502,57,第57章  地毯及纺织材料的其他铺地制品,120,黎巴嫩,25084.0
202502,57,第57章  地毯及纺织材料的其他铺地制品,122,马来西亚,11386702.0
202502,57,第57章  地毯及纺织材料的其他铺地制品,125,尼泊尔,277175.0
202502,57,第57章  地毯及纺织材料的其他铺地制品,126,阿曼,373476.0
202502,57,第57章  地毯及纺织材料的其他铺地制品,132,新加坡,4588457.0
202502,57,第57章  地毯及纺织材料的其他铺地制品,133,韩国,3666197.0
202502,57,第57章  地毯及纺织材料的其他铺地制品,136,泰国,5462270.0
202502,57,第57章  地毯及纺织材料的其他铺地制品,139,也门,263317.0
202502,57,第57章  地毯及纺织材料的其他铺地制品,141,越南,3616436.0
202502,57,第57章  地毯及纺织材料的其他铺地制品,143,中国台湾,1536760.0
202502,57,第57章  地毯及纺织材料的其他铺地制品,145,哈萨克斯坦,1774760.0
202502,57,第57章  地毯及纺织材料的其他铺地制品,148,土库曼斯坦,33633.0
202502,57,第57章  地毯及纺织材料的其他铺地制品,149,乌兹别克斯坦,268652.0
202502,57,第57章  地毯及纺织材料的其他铺地制品,150,格鲁吉亚,313441.0
202502,57,第57章  地毯及纺织材料的其他铺地制品,151,亚美尼亚,12274.0
202502,57,第57章  地毯及纺织材料的其他铺地制品,152,阿塞拜疆,155180.0
202502,57,第57章  地毯及纺织材料的其他铺地制品,202,安哥拉,233447.0
202502,57,第57章  地毯及纺织材料的其他铺地制品,204,博茨瓦纳,8414.0
202502,57,第57章  地毯及纺织材料的其他铺地制品,206,喀麦隆,707345.0
202502,57,第57章  地毯及纺织材料的其他铺地制品,217,埃塞俄比亚,40937.0
202502,57,第57章  地毯及纺织材料的其他铺地制品,218,加蓬,8417.0
202502,57,第57章  地毯及纺织材料的其他铺地制品,221,几内亚,58463.0
202502,57,第57章  地毯及纺织材料的其他铺地制品,223,科特迪瓦,52828.0
202502,57,第57章  地毯及纺织材料的其他铺地制品,225,利比里亚,18167.0
202502,57,第57章  地毯及纺织材料的其他铺地制品,230,毛里塔尼亚,97889.0
202502,57,第57章  地毯及纺织材料的其他铺地制品,231,毛里求斯,68075.0
202502,57,第57章  地毯及纺织材料的其他铺地制品,234,纳米比亚,25937.0
202502,57,第57章  地毯及纺织材料的其他铺地制品,237,留尼汪,6081.0
202502,57,第57章  地毯及纺织材料的其他铺地制品,240,塞内加尔,202439.0
202502,57,第57章  地毯及纺织材料的其他铺地制品,242,塞拉利昂,17770.0
202502,57,第57章  地毯及纺织材料的其他铺地制品,243,索马里,105453.0
202502,57,第57章  地毯及纺织材料的其他铺地制品,249,突尼斯,21480.0
202502,57,第57章  地毯及纺织材料的其他铺地制品,259,马约特,2000.0
202502,57,第57章  地毯及纺织材料的其他铺地制品,260,南苏丹,2021.0
202502,57,第57章  地毯及纺织材料的其他铺地制品,303,英国,3941062.0
202502,57,第57章  地毯及纺织材料的其他铺地制品,304,德国,6215357.0
202502,57,第57章  地毯及纺织材料的其他铺地制品,324,马耳他,15511.0
202502,57,第57章  地毯及纺织材料的其他铺地制品,344,俄罗斯,4783311.0
202502,57,第57章  地毯及纺织材料的其他铺地制品,351,克罗地亚,247923.0
202502,57,第57章  地毯及纺织材料的其他铺地制品,358,塞尔维亚,50819.0
202502,57,第57章  地毯及纺织材料的其他铺地制品,403,阿鲁巴,24500.0
202502,57,第57章  地毯及纺织材料的其他铺地制品,414,多米尼克,6084.0
202502,57,第57章  地毯及纺织材料的其他铺地制品,417,库拉索 ,47757.0
202502,57,第57章  地毯及纺织材料的其他铺地制品,420,法属圭亚那,10759.0
202502,57,第57章  地毯及纺织材料的其他铺地制品,421,格林纳达,2643.0
202502,57,第57章  地毯及纺织材料的其他铺地制品,424,圭亚那,16745.0
202502,57,第57章  地毯及纺织材料的其他铺地制品,428,马提尼克,7601.0
202502,57,第57章  地毯及纺织材料的其他铺地制品,440,萨尔瓦多,39411.0
202502,57,第57章  地毯及纺织材料的其他铺地制品,441,苏里南,467.0
202502,57,第57章  地毯及纺织材料的其他铺地制品,502,美国,59454525.0
202502,57,第57章  地毯及纺织材料的其他铺地制品,601,澳大利亚,9720777.0
202502,57,第57章  地毯及纺织材料的其他铺地制品,607,新喀里多尼亚,1485.0
202502,58,第58章  特种机织物；簇绒织物；花边；装饰毯；装饰带；刺绣品,102,巴林,131288.0
202502,58,第58章  特种机织物；簇绒织物；花边；装饰毯；装饰带；刺绣品,110,中国香港,20848690.0
202502,58,第58章  特种机织物；簇绒织物；花边；装饰毯；装饰带；刺绣品,111,印度,5916705.0
202502,58,第58章  特种机织物；簇绒织物；花边；装饰毯；装饰带；刺绣品,112,印度尼西亚,6944887.0
202502,58,第58章  特种机织物；簇绒织物；花边；装饰毯；装饰带；刺绣品,113,伊朗,1498396.0
202502,58,第58章  特种机织物；簇绒织物；花边；装饰毯；装饰带；刺绣品,116,日本,2773773.0
202502,58,第58章  特种机织物；簇绒织物；花边；装饰毯；装饰带；刺绣品,119,老挝,172127.0
202502,58,第58章  特种机织物；簇绒织物；花边；装饰毯；装饰带；刺绣品,120,黎巴嫩,304958.0
202502,58,第58章  特种机织物；簇绒织物；花边；装饰毯；装饰带；刺绣品,122,马来西亚,4423757.0
202502,58,第58章  特种机织物；簇绒织物；花边；装饰毯；装饰带；刺绣品,125,尼泊尔,154980.0
202502,58,第58章  特种机织物；簇绒织物；花边；装饰毯；装饰带；刺绣品,126,阿曼,190214.0
202502,58,第58章  特种机织物；簇绒织物；花边；装饰毯；装饰带；刺绣品,132,新加坡,3193123.0
202502,58,第58章  特种机织物；簇绒织物；花边；装饰毯；装饰带；刺绣品,133,韩国,1328192.0
202502,58,第58章  特种机织物；簇绒织物；花边；装饰毯；装饰带；刺绣品,136,泰国,3105216.0
202502,58,第58章  特种机织物；簇绒织物；花边；装饰毯；装饰带；刺绣品,139,也门,513617.0
202502,58,第58章  特种机织物；簇绒织物；花边；装饰毯；装饰带；刺绣品,141,越南,32994574.0
202502,58,第58章  特种机织物；簇绒织物；花边；装饰毯；装饰带；刺绣品,143,中国台湾,668203.0
202502,58,第58章  特种机织物；簇绒织物；花边；装饰毯；装饰带；刺绣品,145,哈萨克斯坦,1605564.0
202502,58,第58章  特种机织物；簇绒织物；花边；装饰毯；装饰带；刺绣品,148,土库曼斯坦,935180.0
202502,58,第58章  特种机织物；簇绒织物；花边；装饰毯；装饰带；刺绣品,149,乌兹别克斯坦,2209623.0
202502,58,第58章  特种机织物；簇绒织物；花边；装饰毯；装饰带；刺绣品,150,格鲁吉亚,34051.0
202502,58,第58章  特种机织物；簇绒织物；花边；装饰毯；装饰带；刺绣品,151,亚美尼亚,1437.0
202502,58,第58章  特种机织物；簇绒织物；花边；装饰毯；装饰带；刺绣品,152,阿塞拜疆,421668.0
202502,58,第58章  特种机织物；簇绒织物；花边；装饰毯；装饰带；刺绣品,202,安哥拉,42399.0
202502,58,第58章  特种机织物；簇绒织物；花边；装饰毯；装饰带；刺绣品,205,布隆迪,40919.0
202502,58,第58章  特种机织物；簇绒织物；花边；装饰毯；装饰带；刺绣品,206,喀麦隆,180314.0
202502,58,第58章  特种机织物；簇绒织物；花边；装饰毯；装饰带；刺绣品,217,埃塞俄比亚,330953.0
202502,58,第58章  特种机织物；簇绒织物；花边；装饰毯；装饰带；刺绣品,218,加蓬,1141.0
202502,58,第58章  特种机织物；簇绒织物；花边；装饰毯；装饰带；刺绣品,221,几内亚,144899.0
202502,58,第58章  特种机织物；簇绒织物；花边；装饰毯；装饰带；刺绣品,223,科特迪瓦,677218.0
202502,58,第58章  特种机织物；簇绒织物；花边；装饰毯；装饰带；刺绣品,225,利比里亚,53042.0
202502,58,第58章  特种机织物；簇绒织物；花边；装饰毯；装饰带；刺绣品,230,毛里塔尼亚,412952.0
202502,58,第58章  特种机织物；簇绒织物；花边；装饰毯；装饰带；刺绣品,231,毛里求斯,26140.0
202502,58,第58章  特种机织物；簇绒织物；花边；装饰毯；装饰带；刺绣品,234,纳米比亚,4682.0
202502,58,第58章  特种机织物；簇绒织物；花边；装饰毯；装饰带；刺绣品,237,留尼汪,308.0
202502,58,第58章  特种机织物；簇绒织物；花边；装饰毯；装饰带；刺绣品,240,塞内加尔,3642861.0
202502,58,第58章  特种机织物；簇绒织物；花边；装饰毯；装饰带；刺绣品,242,塞拉利昂,2176.0
202502,58,第58章  特种机织物；簇绒织物；花边；装饰毯；装饰带；刺绣品,243,索马里,15614.0
202502,58,第58章  特种机织物；簇绒织物；花边；装饰毯；装饰带；刺绣品,249,突尼斯,538042.0
202502,58,第58章  特种机织物；簇绒织物；花边；装饰毯；装饰带；刺绣品,260,南苏丹,744.0
202502,58,第58章  特种机织物；簇绒织物；花边；装饰毯；装饰带；刺绣品,303,英国,2770385.0
202502,58,第58章  特种机织物；簇绒织物；花边；装饰毯；装饰带；刺绣品,304,德国,1950074.0
202502,58,第58章  特种机织物；簇绒织物；花边；装饰毯；装饰带；刺绣品,324,马耳他,126630.0
202502,58,第58章  特种机织物；簇绒织物；花边；装饰毯；装饰带；刺绣品,344,俄罗斯,4316967.0
202502,58,第58章  特种机织物；簇绒织物；花边；装饰毯；装饰带；刺绣品,351,克罗地亚,115288.0
202502,58,第58章  特种机织物；簇绒织物；花边；装饰毯；装饰带；刺绣品,358,塞尔维亚,100651.0
202502,58,第58章  特种机织物；簇绒织物；花边；装饰毯；装饰带；刺绣品,414,多米尼克,70.0
202502,58,第58章  特种机织物；簇绒织物；花边；装饰毯；装饰带；刺绣品,420,法属圭亚那,168.0
202502,58,第58章  特种机织物；簇绒织物；花边；装饰毯；装饰带；刺绣品,424,圭亚那,524.0
202502,58,第58章  特种机织物；簇绒织物；花边；装饰毯；装饰带；刺绣品,425,海地,22996.0
202502,58,第58章  特种机织物；簇绒织物；花边；装饰毯；装饰带；刺绣品,428,马提尼克,942.0
202502,58,第58章  特种机织物；簇绒织物；花边；装饰毯；装饰带；刺绣品,440,萨尔瓦多,106555.0
202502,58,第58章  特种机织物；簇绒织物；花边；装饰毯；装饰带；刺绣品,441,苏里南,4896.0
202502,58,第58章  特种机织物；簇绒织物；花边；装饰毯；装饰带；刺绣品,502,美国,13214217.0
202502,58,第58章  特种机织物；簇绒织物；花边；装饰毯；装饰带；刺绣品,601,澳大利亚,862693.0
202502,59,第59章  浸渍、涂布、包覆或层压的纺织物；工业用纺织制品,102,巴林,69385.0
202502,59,第59章  浸渍、涂布、包覆或层压的纺织物；工业用纺织制品,110,中国香港,26581731.0
202502,59,第59章  浸渍、涂布、包覆或层压的纺织物；工业用纺织制品,111,印度,36121546.0
202502,59,第59章  浸渍、涂布、包覆或层压的纺织物；工业用纺织制品,112,印度尼西亚,23680423.0
202502,59,第59章  浸渍、涂布、包覆或层压的纺织物；工业用纺织制品,113,伊朗,1111258.0
202502,59,第59章  浸渍、涂布、包覆或层压的纺织物；工业用纺织制品,116,日本,8822017.0
202502,59,第59章  浸渍、涂布、包覆或层压的纺织物；工业用纺织制品,119,老挝,332765.0
202502,59,第59章  浸渍、涂布、包覆或层压的纺织物；工业用纺织制品,120,黎巴嫩,201011.0
202502,59,第59章  浸渍、涂布、包覆或层压的纺织物；工业用纺织制品,122,马来西亚,6448819.0
202502,59,第59章  浸渍、涂布、包覆或层压的纺织物；工业用纺织制品,125,尼泊尔,544635.0
202502,59,第59章  浸渍、涂布、包覆或层压的纺织物；工业用纺织制品,126,阿曼,184486.0
202502,59,第59章  浸渍、涂布、包覆或层压的纺织物；工业用纺织制品,132,新加坡,2764597.0
202502,59,第59章  浸渍、涂布、包覆或层压的纺织物；工业用纺织制品,133,韩国,12439415.0
202502,59,第59章  浸渍、涂布、包覆或层压的纺织物；工业用纺织制品,135,叙利亚,57009.0
202502,59,第59章  浸渍、涂布、包覆或层压的纺织物；工业用纺织制品,136,泰国,26980215.0
202502,59,第59章  浸渍、涂布、包覆或层压的纺织物；工业用纺织制品,139,也门,693282.0
202502,59,第59章  浸渍、涂布、包覆或层压的纺织物；工业用纺织制品,141,越南,59087474.0
202502,59,第59章  浸渍、涂布、包覆或层压的纺织物；工业用纺织制品,143,中国台湾,5479317.0
202502,59,第59章  浸渍、涂布、包覆或层压的纺织物；工业用纺织制品,145,哈萨克斯坦,1243706.0
202502,59,第59章  浸渍、涂布、包覆或层压的纺织物；工业用纺织制品,148,土库曼斯坦,139741.0
202502,59,第59章  浸渍、涂布、包覆或层压的纺织物；工业用纺织制品,149,乌兹别克斯坦,2647521.0
202502,59,第59章  浸渍、涂布、包覆或层压的纺织物；工业用纺织制品,150,格鲁吉亚,49876.0
202502,59,第59章  浸渍、涂布、包覆或层压的纺织物；工业用纺织制品,151,亚美尼亚,46519.0
202502,59,第59章  浸渍、涂布、包覆或层压的纺织物；工业用纺织制品,152,阿塞拜疆,468775.0
202502,59,第59章  浸渍、涂布、包覆或层压的纺织物；工业用纺织制品,202,安哥拉,517009.0
202502,59,第59章  浸渍、涂布、包覆或层压的纺织物；工业用纺织制品,204,博茨瓦纳,7492.0
202502,59,第59章  浸渍、涂布、包覆或层压的纺织物；工业用纺织制品,205,布隆迪,13720.0
202502,59,第59章  浸渍、涂布、包覆或层压的纺织物；工业用纺织制品,206,喀麦隆,734495.0
202502,59,第59章  浸渍、涂布、包覆或层压的纺织物；工业用纺织制品,217,埃塞俄比亚,336168.0
202502,59,第59章  浸渍、涂布、包覆或层压的纺织物；工业用纺织制品,218,加蓬,39199.0
202502,59,第59章  浸渍、涂布、包覆或层压的纺织物；工业用纺织制品,221,几内亚,179277.0
202502,59,第59章  浸渍、涂布、包覆或层压的纺织物；工业用纺织制品,223,科特迪瓦,581159.0
202502,59,第59章  浸渍、涂布、包覆或层压的纺织物；工业用纺织制品,225,利比里亚,6895.0
202502,59,第59章  浸渍、涂布、包覆或层压的纺织物；工业用纺织制品,230,毛里塔尼亚,481897.0
202502,59,第59章  浸渍、涂布、包覆或层压的纺织物；工业用纺织制品,231,毛里求斯,43763.0
202502,59,第59章  浸渍、涂布、包覆或层压的纺织物；工业用纺织制品,234,纳米比亚,1613.0
202502,59,第59章  浸渍、涂布、包覆或层压的纺织物；工业用纺织制品,237,留尼汪,972.0
202502,59,第59章  浸渍、涂布、包覆或层压的纺织物；工业用纺织制品,240,塞内加尔,596021.0
202502,59,第59章  浸渍、涂布、包覆或层压的纺织物；工业用纺织制品,242,塞拉利昂,49325.0
202502,59,第59章  浸渍、涂布、包覆或层压的纺织物；工业用纺织制品,243,索马里,6878.0
202502,59,第59章  浸渍、涂布、包覆或层压的纺织物；工业用纺织制品,249,突尼斯,1103230.0
202502,59,第59章  浸渍、涂布、包覆或层压的纺织物；工业用纺织制品,303,英国,3976760.0
202502,59,第59章  浸渍、涂布、包覆或层压的纺织物；工业用纺织制品,304,德国,4806901.0
202502,59,第59章  浸渍、涂布、包覆或层压的纺织物；工业用纺织制品,324,马耳他,39741.0
202502,59,第59章  浸渍、涂布、包覆或层压的纺织物；工业用纺织制品,344,俄罗斯,19030702.0
202502,59,第59章  浸渍、涂布、包覆或层压的纺织物；工业用纺织制品,351,克罗地亚,15176.0
202502,59,第59章  浸渍、涂布、包覆或层压的纺织物；工业用纺织制品,358,塞尔维亚,1376881.0
202502,59,第59章  浸渍、涂布、包覆或层压的纺织物；工业用纺织制品,403,阿鲁巴,6075.0
202502,59,第59章  浸渍、涂布、包覆或层压的纺织物；工业用纺织制品,414,多米尼克,170.0
202502,59,第59章  浸渍、涂布、包覆或层压的纺织物；工业用纺织制品,417,库拉索 ,1308.0
202502,59,第59章  浸渍、涂布、包覆或层压的纺织物；工业用纺织制品,424,圭亚那,259513.0
202502,59,第59章  浸渍、涂布、包覆或层压的纺织物；工业用纺织制品,425,海地,4207.0
202502,59,第59章  浸渍、涂布、包覆或层压的纺织物；工业用纺织制品,440,萨尔瓦多,459146.0
202502,59,第59章  浸渍、涂布、包覆或层压的纺织物；工业用纺织制品,502,美国,20135731.0
202502,59,第59章  浸渍、涂布、包覆或层压的纺织物；工业用纺织制品,601,澳大利亚,6489612.0
202502,59,第59章  浸渍、涂布、包覆或层压的纺织物；工业用纺织制品,607,新喀里多尼亚,68.0
202502,60,第60章  针织物及钩编织物,102,巴林,37357.0
202502,60,第60章  针织物及钩编织物,110,中国香港,19351666.0
202502,60,第60章  针织物及钩编织物,111,印度,45009088.0
202502,60,第60章  针织物及钩编织物,112,印度尼西亚,32080146.0
202502,60,第60章  针织物及钩编织物,113,伊朗,2642412.0
202502,60,第60章  针织物及钩编织物,116,日本,2104125.0
202502,60,第60章  针织物及钩编织物,119,老挝,1212265.0
202502,60,第60章  针织物及钩编织物,120,黎巴嫩,1843397.0
202502,60,第60章  针织物及钩编织物,122,马来西亚,12364448.0
202502,60,第60章  针织物及钩编织物,125,尼泊尔,2088502.0
202502,60,第60章  针织物及钩编织物,126,阿曼,310091.0
202502,60,第60章  针织物及钩编织物,132,新加坡,4346731.0
202502,60,第60章  针织物及钩编织物,133,韩国,5189259.0
202502,60,第60章  针织物及钩编织物,135,叙利亚,72348.0
202502,60,第60章  针织物及钩编织物,136,泰国,14510000.0
202502,60,第60章  针织物及钩编织物,139,也门,2495837.0
202502,60,第60章  针织物及钩编织物,141,越南,208056515.0
202502,60,第60章  针织物及钩编织物,143,中国台湾,653989.0
202502,60,第60章  针织物及钩编织物,145,哈萨克斯坦,10041412.0
202502,60,第60章  针织物及钩编织物,148,土库曼斯坦,447525.0
202502,60,第60章  针织物及钩编织物,149,乌兹别克斯坦,18729369.0
202502,60,第60章  针织物及钩编织物,150,格鲁吉亚,220251.0
202502,60,第60章  针织物及钩编织物,151,亚美尼亚,140549.0
202502,60,第60章  针织物及钩编织物,152,阿塞拜疆,982218.0
202502,60,第60章  针织物及钩编织物,202,安哥拉,117326.0
202502,60,第60章  针织物及钩编织物,205,布隆迪,17500.0
202502,60,第60章  针织物及钩编织物,206,喀麦隆,740460.0
202502,60,第60章  针织物及钩编织物,217,埃塞俄比亚,994351.0
202502,60,第60章  针织物及钩编织物,218,加蓬,9600.0
202502,60,第60章  针织物及钩编织物,221,几内亚,341426.0
202502,60,第60章  针织物及钩编织物,223,科特迪瓦,497039.0
202502,60,第60章  针织物及钩编织物,225,利比里亚,13179.0
202502,60,第60章  针织物及钩编织物,230,毛里塔尼亚,396666.0
202502,60,第60章  针织物及钩编织物,231,毛里求斯,6530.0
202502,60,第60章  针织物及钩编织物,240,塞内加尔,1270172.0
202502,60,第60章  针织物及钩编织物,242,塞拉利昂,49492.0
202502,60,第60章  针织物及钩编织物,243,索马里,175521.0
202502,60,第60章  针织物及钩编织物,249,突尼斯,1332172.0
202502,60,第60章  针织物及钩编织物,303,英国,1861398.0
202502,60,第60章  针织物及钩编织物,304,德国,1663806.0
202502,60,第60章  针织物及钩编织物,324,马耳他,6259.0
202502,60,第60章  针织物及钩编织物,344,俄罗斯,15012879.0
202502,60,第60章  针织物及钩编织物,351,克罗地亚,231996.0
202502,60,第60章  针织物及钩编织物,358,塞尔维亚,442287.0
202502,60,第60章  针织物及钩编织物,425,海地,509640.0
202502,60,第60章  针织物及钩编织物,440,萨尔瓦多,3406058.0
202502,60,第60章  针织物及钩编织物,502,美国,10630878.0
202502,60,第60章  针织物及钩编织物,601,澳大利亚,998677.0
202502,61,第61章  针织或钩编的服装及衣着附件,102,巴林,616335.0
202502,61,第61章  针织或钩编的服装及衣着附件,104,不丹,1112.0
202502,61,第61章  针织或钩编的服装及衣着附件,110,中国香港,47071806.0
202502,61,第61章  针织或钩编的服装及衣着附件,111,印度,19290774.0
202502,61,第61章  针织或钩编的服装及衣着附件,112,印度尼西亚,17908633.0
202502,61,第61章  针织或钩编的服装及衣着附件,113,伊朗,755585.0
202502,61,第61章  针织或钩编的服装及衣着附件,116,日本,298674536.0
202502,61,第61章  针织或钩编的服装及衣着附件,119,老挝,551893.0
202502,61,第61章  针织或钩编的服装及衣着附件,120,黎巴嫩,1370273.0
202502,61,第61章  针织或钩编的服装及衣着附件,122,马来西亚,74296393.0
202502,61,第61章  针织或钩编的服装及衣着附件,125,尼泊尔,6018588.0
202502,61,第61章  针织或钩编的服装及衣着附件,126,阿曼,1452684.0
202502,61,第61章  针织或钩编的服装及衣着附件,132,新加坡,37538435.0
202502,61,第61章  针织或钩编的服装及衣着附件,133,韩国,127751496.0
202502,61,第61章  针织或钩编的服装及衣着附件,135,叙利亚,9663.0
202502,61,第61章  针织或钩编的服装及衣着附件,136,泰国,35910577.0
202502,61,第61章  针织或钩编的服装及衣着附件,139,也门,4149170.0
202502,61,第61章  针织或钩编的服装及衣着附件,141,越南,64266337.0
202502,61,第61章  针织或钩编的服装及衣着附件,143,中国台湾,43194035.0
202502,61,第61章  针织或钩编的服装及衣着附件,145,哈萨克斯坦,96379820.0
202502,61,第61章  针织或钩编的服装及衣着附件,148,土库曼斯坦,326355.0
202502,61,第61章  针织或钩编的服装及衣着附件,149,乌兹别克斯坦,870114.0
202502,61,第61章  针织或钩编的服装及衣着附件,150,格鲁吉亚,601169.0
202502,61,第61章  针织或钩编的服装及衣着附件,151,亚美尼亚,434940.0
202502,61,第61章  针织或钩编的服装及衣着附件,152,阿塞拜疆,1762748.0
202502,61,第61章  针织或钩编的服装及衣着附件,202,安哥拉,2622117.0
202502,61,第61章  针织或钩编的服装及衣着附件,204,博茨瓦纳,553097.0
202502,61,第61章  针织或钩编的服装及衣着附件,205,布隆迪,2683.0
202502,61,第61章  针织或钩编的服装及衣着附件,206,喀麦隆,5581006.0
202502,61,第61章  针织或钩编的服装及衣着附件,212,科摩罗,45109.0
202502,61,第61章  针织或钩编的服装及衣着附件,217,埃塞俄比亚,454351.0
202502,61,第61章  针织或钩编的服装及衣着附件,218,加蓬,260015.0
202502,61,第61章  针织或钩编的服装及衣着附件,221,几内亚,2643764.0
202502,61,第61章  针织或钩编的服装及衣着附件,223,科特迪瓦,6375053.0
202502,61,第61章  针织或钩编的服装及衣着附件,225,利比里亚,856028.0
202502,61,第61章  针织或钩编的服装及衣着附件,230,毛里塔尼亚,304959.0
202502,61,第61章  针织或钩编的服装及衣着附件,231,毛里求斯,868947.0
202502,61,第61章  针织或钩编的服装及衣着附件,234,纳米比亚,930106.0
202502,61,第61章  针织或钩编的服装及衣着附件,237,留尼汪,129410.0
202502,61,第61章  针织或钩编的服装及衣着附件,240,塞内加尔,2680594.0
202502,61,第61章  针织或钩编的服装及衣着附件,242,塞拉利昂,196209.0
202502,61,第61章  针织或钩编的服装及衣着附件,243,索马里,550232.0
202502,61,第61章  针织或钩编的服装及衣着附件,249,突尼斯,197601.0
202502,61,第61章  针织或钩编的服装及衣着附件,259,马约特,10727.0
202502,61,第61章  针织或钩编的服装及衣着附件,260,南苏丹,9669.0
202502,61,第61章  针织或钩编的服装及衣着附件,303,英国,116596723.0
202502,61,第61章  针织或钩编的服装及衣着附件,304,德国,85543828.0
202502,61,第61章  针织或钩编的服装及衣着附件,324,马耳他,245285.0
202502,61,第61章  针织或钩编的服装及衣着附件,344,俄罗斯,96123624.0
202502,61,第61章  针织或钩编的服装及衣着附件,351,克罗地亚,1163771.0
202502,61,第61章  针织或钩编的服装及衣着附件,358,塞尔维亚,2535936.0
202502,61,第61章  针织或钩编的服装及衣着附件,401,安提瓜和巴布达,2261.0
202502,61,第61章  针织或钩编的服装及衣着附件,403,阿鲁巴,3698.0
202502,61,第61章  针织或钩编的服装及衣着附件,414,多米尼克,5360.0
202502,61,第61章  针织或钩编的服装及衣着附件,417,库拉索 ,189665.0
202502,61,第61章  针织或钩编的服装及衣着附件,420,法属圭亚那,2580.0
202502,61,第61章  针织或钩编的服装及衣着附件,424,圭亚那,202864.0
202502,61,第61章  针织或钩编的服装及衣着附件,425,海地,997878.0
202502,61,第61章  针织或钩编的服装及衣着附件,428,马提尼克,1475.0
202502,61,第61章  针织或钩编的服装及衣着附件,437,圣卢西亚,156.0
202502,61,第61章  针织或钩编的服装及衣着附件,440,萨尔瓦多,719748.0
202502,61,第61章  针织或钩编的服装及衣着附件,441,苏里南,37097.0
202502,61,第61章  针织或钩编的服装及衣着附件,502,美国,776088262.0
202502,61,第61章  针织或钩编的服装及衣着附件,601,澳大利亚,148959362.0
202502,61,第61章  针织或钩编的服装及衣着附件,607,新喀里多尼亚,17384.0
202502,62,第62章  非针织或非钩编的服装及衣着附件,102,巴林,991434.0
202502,62,第62章  非针织或非钩编的服装及衣着附件,110,中国香港,61063813.0
202502,62,第62章  非针织或非钩编的服装及衣着附件,111,印度,9655034.0
202502,62,第62章  非针织或非钩编的服装及衣着附件,112,印度尼西亚,18091451.0
202502,62,第62章  非针织或非钩编的服装及衣着附件,113,伊朗,383200.0
202502,62,第62章  非针织或非钩编的服装及衣着附件,116,日本,208520663.0
202502,62,第62章  非针织或非钩编的服装及衣着附件,119,老挝,213116.0
202502,62,第62章  非针织或非钩编的服装及衣着附件,120,黎巴嫩,658319.0
202502,62,第62章  非针织或非钩编的服装及衣着附件,122,马来西亚,65820320.0
202502,62,第62章  非针织或非钩编的服装及衣着附件,125,尼泊尔,4811274.0
202502,62,第62章  非针织或非钩编的服装及衣着附件,126,阿曼,1730851.0
202502,62,第62章  非针织或非钩编的服装及衣着附件,132,新加坡,30887370.0
202502,62,第62章  非针织或非钩编的服装及衣着附件,133,韩国,124393209.0
202502,62,第62章  非针织或非钩编的服装及衣着附件,135,叙利亚,4041.0
202502,62,第62章  非针织或非钩编的服装及衣着附件,136,泰国,31831536.0
202502,62,第62章  非针织或非钩编的服装及衣着附件,139,也门,2217318.0
202502,62,第62章  非针织或非钩编的服装及衣着附件,141,越南,63974138.0
202502,62,第62章  非针织或非钩编的服装及衣着附件,143,中国台湾,25075063.0
202502,62,第62章  非针织或非钩编的服装及衣着附件,145,哈萨克斯坦,174785511.0
202502,62,第62章  非针织或非钩编的服装及衣着附件,148,土库曼斯坦,260666.0
202502,62,第62章  非针织或非钩编的服装及衣着附件,149,乌兹别克斯坦,283688.0
202502,62,第62章  非针织或非钩编的服装及衣着附件,150,格鲁吉亚,1654065.0
202502,62,第62章  非针织或非钩编的服装及衣着附件,151,亚美尼亚,439500.0
202502,62,第62章  非针织或非钩编的服装及衣着附件,152,阿塞拜疆,1191294.0
202502,62,第62章  非针织或非钩编的服装及衣着附件,202,安哥拉,3810953.0
202502,62,第62章  非针织或非钩编的服装及衣着附件,204,博茨瓦纳,251456.0
202502,62,第62章  非针织或非钩编的服装及衣着附件,205,布隆迪,438.0
202502,62,第62章  非针织或非钩编的服装及衣着附件,206,喀麦隆,10023613.0
202502,62,第62章  非针织或非钩编的服装及衣着附件,212,科摩罗,1308.0
202502,62,第62章  非针织或非钩编的服装及衣着附件,217,埃塞俄比亚,400208.0
202502,62,第62章  非针织或非钩编的服装及衣着附件,218,加蓬,434322.0
202502,62,第62章  非针织或非钩编的服装及衣着附件,221,几内亚,2596612.0
202502,62,第62章  非针织或非钩编的服装及衣着附件,223,科特迪瓦,8926642.0
202502,62,第62章  非针织或非钩编的服装及衣着附件,225,利比里亚,1172494.0
202502,62,第62章  非针织或非钩编的服装及衣着附件,230,毛里塔尼亚,224627.0
202502,62,第62章  非针织或非钩编的服装及衣着附件,231,毛里求斯,987992.0
202502,62,第62章  非针织或非钩编的服装及衣着附件,234,纳米比亚,844346.0
202502,62,第62章  非针织或非钩编的服装及衣着附件,237,留尼汪,27845.0
202502,62,第62章  非针织或非钩编的服装及衣着附件,240,塞内加尔,5126823.0
202502,62,第62章  非针织或非钩编的服装及衣着附件,242,塞拉利昂,283229.0
202502,62,第62章  非针织或非钩编的服装及衣着附件,243,索马里,1058130.0
202502,62,第62章  非针织或非钩编的服装及衣着附件,249,突尼斯,185381.0
202502,62,第62章  非针织或非钩编的服装及衣着附件,259,马约特,11701.0
202502,62,第62章  非针织或非钩编的服装及衣着附件,260,南苏丹,4593.0
202502,62,第62章  非针织或非钩编的服装及衣着附件,303,英国,108749917.0
202502,62,第62章  非针织或非钩编的服装及衣着附件,304,德国,92905610.0
202502,62,第62章  非针织或非钩编的服装及衣着附件,324,马耳他,550675.0
202502,62,第62章  非针织或非钩编的服装及衣着附件,344,俄罗斯,90801496.0
202502,62,第62章  非针织或非钩编的服装及衣着附件,351,克罗地亚,692643.0
202502,62,第62章  非针织或非钩编的服装及衣着附件,358,塞尔维亚,1947099.0
202502,62,第62章  非针织或非钩编的服装及衣着附件,401,安提瓜和巴布达,16247.0
202502,62,第62章  非针织或非钩编的服装及衣着附件,403,阿鲁巴,181.0
202502,62,第62章  非针织或非钩编的服装及衣着附件,414,多米尼克,18220.0
202502,62,第62章  非针织或非钩编的服装及衣着附件,417,库拉索 ,396526.0
202502,62,第62章  非针织或非钩编的服装及衣着附件,420,法属圭亚那,127.0
202502,62,第62章  非针织或非钩编的服装及衣着附件,421,格林纳达,20000.0
202502,62,第62章  非针织或非钩编的服装及衣着附件,424,圭亚那,254729.0
202502,62,第62章  非针织或非钩编的服装及衣着附件,425,海地,167566.0
202502,62,第62章  非针织或非钩编的服装及衣着附件,428,马提尼克,844.0
202502,62,第62章  非针织或非钩编的服装及衣着附件,437,圣卢西亚,88.0
202502,62,第62章  非针织或非钩编的服装及衣着附件,440,萨尔瓦多,624763.0
202502,62,第62章  非针织或非钩编的服装及衣着附件,441,苏里南,27061.0
202502,62,第62章  非针织或非钩编的服装及衣着附件,502,美国,653318426.0
202502,62,第62章  非针织或非钩编的服装及衣着附件,601,澳大利亚,96431152.0
202502,62,第62章  非针织或非钩编的服装及衣着附件,607,新喀里多尼亚,1950.0
202502,63,第63章  其他纺织制成品；成套物品；旧衣着及旧纺织品；碎织物,102,巴林,548975.0
202502,63,第63章  其他纺织制成品；成套物品；旧衣着及旧纺织品；碎织物,110,中国香港,12172675.0
202502,63,第63章  其他纺织制成品；成套物品；旧衣着及旧纺织品；碎织物,111,印度,11592515.0
202502,63,第63章  其他纺织制成品；成套物品；旧衣着及旧纺织品；碎织物,112,印度尼西亚,10477675.0
202502,63,第63章  其他纺织制成品；成套物品；旧衣着及旧纺织品；碎织物,113,伊朗,1542999.0
202502,63,第63章  其他纺织制成品；成套物品；旧衣着及旧纺织品；碎织物,116,日本,124498157.0
202502,63,第63章  其他纺织制成品；成套物品；旧衣着及旧纺织品；碎织物,119,老挝,2222640.0
202502,63,第63章  其他纺织制成品；成套物品；旧衣着及旧纺织品；碎织物,120,黎巴嫩,515937.0
202502,63,第63章  其他纺织制成品；成套物品；旧衣着及旧纺织品；碎织物,122,马来西亚,24985736.0
202502,63,第63章  其他纺织制成品；成套物品；旧衣着及旧纺织品；碎织物,125,尼泊尔,1054520.0
202502,63,第63章  其他纺织制成品；成套物品；旧衣着及旧纺织品；碎织物,126,阿曼,1070084.0
202502,63,第63章  其他纺织制成品；成套物品；旧衣着及旧纺织品；碎织物,132,新加坡,14893499.0
202502,63,第63章  其他纺织制成品；成套物品；旧衣着及旧纺织品；碎织物,133,韩国,25829917.0
202502,63,第63章  其他纺织制成品；成套物品；旧衣着及旧纺织品；碎织物,135,叙利亚,4077.0
202502,63,第63章  其他纺织制成品；成套物品；旧衣着及旧纺织品；碎织物,136,泰国,30087582.0
202502,63,第63章  其他纺织制成品；成套物品；旧衣着及旧纺织品；碎织物,139,也门,1603418.0
202502,63,第63章  其他纺织制成品；成套物品；旧衣着及旧纺织品；碎织物,141,越南,23591816.0
202502,63,第63章  其他纺织制成品；成套物品；旧衣着及旧纺织品；碎织物,143,中国台湾,9555137.0
202502,63,第63章  其他纺织制成品；成套物品；旧衣着及旧纺织品；碎织物,145,哈萨克斯坦,20057514.0
202502,63,第63章  其他纺织制成品；成套物品；旧衣着及旧纺织品；碎织物,148,土库曼斯坦,461050.0
202502,63,第63章  其他纺织制成品；成套物品；旧衣着及旧纺织品；碎织物,149,乌兹别克斯坦,1907525.0
202502,63,第63章  其他纺织制成品；成套物品；旧衣着及旧纺织品；碎织物,150,格鲁吉亚,610808.0
202502,63,第63章  其他纺织制成品；成套物品；旧衣着及旧纺织品；碎织物,151,亚美尼亚,118817.0
202502,63,第63章  其他纺织制成品；成套物品；旧衣着及旧纺织品；碎织物,152,阿塞拜疆,980183.0
202502,63,第63章  其他纺织制成品；成套物品；旧衣着及旧纺织品；碎织物,202,安哥拉,2213953.0
202502,63,第63章  其他纺织制成品；成套物品；旧衣着及旧纺织品；碎织物,204,博茨瓦纳,716654.0
202502,63,第63章  其他纺织制成品；成套物品；旧衣着及旧纺织品；碎织物,205,布隆迪,9345.0
202502,63,第63章  其他纺织制成品；成套物品；旧衣着及旧纺织品；碎织物,206,喀麦隆,4831579.0
202502,63,第63章  其他纺织制成品；成套物品；旧衣着及旧纺织品；碎织物,217,埃塞俄比亚,101910.0
202502,63,第63章  其他纺织制成品；成套物品；旧衣着及旧纺织品；碎织物,218,加蓬,122434.0
202502,63,第63章  其他纺织制成品；成套物品；旧衣着及旧纺织品；碎织物,221,几内亚,1677637.0
202502,63,第63章  其他纺织制成品；成套物品；旧衣着及旧纺织品；碎织物,223,科特迪瓦,2387656.0
202502,63,第63章  其他纺织制成品；成套物品；旧衣着及旧纺织品；碎织物,225,利比里亚,195862.0
202502,63,第63章  其他纺织制成品；成套物品；旧衣着及旧纺织品；碎织物,230,毛里塔尼亚,494008.0
202502,63,第63章  其他纺织制成品；成套物品；旧衣着及旧纺织品；碎织物,231,毛里求斯,159293.0
202502,63,第63章  其他纺织制成品；成套物品；旧衣着及旧纺织品；碎织物,234,纳米比亚,406825.0
202502,63,第63章  其他纺织制成品；成套物品；旧衣着及旧纺织品；碎织物,237,留尼汪,222818.0
202502,63,第63章  其他纺织制成品；成套物品；旧衣着及旧纺织品；碎织物,240,塞内加尔,2392321.0
202502,63,第63章  其他纺织制成品；成套物品；旧衣着及旧纺织品；碎织物,242,塞拉利昂,289920.0
202502,63,第63章  其他纺织制成品；成套物品；旧衣着及旧纺织品；碎织物,243,索马里,1045448.0
202502,63,第63章  其他纺织制成品；成套物品；旧衣着及旧纺织品；碎织物,249,突尼斯,381395.0
202502,63,第63章  其他纺织制成品；成套物品；旧衣着及旧纺织品；碎织物,259,马约特,189176.0
202502,63,第63章  其他纺织制成品；成套物品；旧衣着及旧纺织品；碎织物,260,南苏丹,920.0
202502,63,第63章  其他纺织制成品；成套物品；旧衣着及旧纺织品；碎织物,303,英国,56512168.0
202502,63,第63章  其他纺织制成品；成套物品；旧衣着及旧纺织品；碎织物,304,德国,61102611.0
202502,63,第63章  其他纺织制成品；成套物品；旧衣着及旧纺织品；碎织物,324,马耳他,146616.0
202502,63,第63章  其他纺织制成品；成套物品；旧衣着及旧纺织品；碎织物,344,俄罗斯,23191319.0
202502,63,第63章  其他纺织制成品；成套物品；旧衣着及旧纺织品；碎织物,351,克罗地亚,724795.0
202502,63,第63章  其他纺织制成品；成套物品；旧衣着及旧纺织品；碎织物,358,塞尔维亚,1181375.0
202502,63,第63章  其他纺织制成品；成套物品；旧衣着及旧纺织品；碎织物,401,安提瓜和巴布达,6313.0
202502,63,第63章  其他纺织制成品；成套物品；旧衣着及旧纺织品；碎织物,403,阿鲁巴,13155.0
202502,63,第63章  其他纺织制成品；成套物品；旧衣着及旧纺织品；碎织物,414,多米尼克,3933.0
202502,63,第63章  其他纺织制成品；成套物品；旧衣着及旧纺织品；碎织物,417,库拉索 ,99340.0
202502,63,第63章  其他纺织制成品；成套物品；旧衣着及旧纺织品；碎织物,420,法属圭亚那,35400.0
202502,63,第63章  其他纺织制成品；成套物品；旧衣着及旧纺织品；碎织物,421,格林纳达,960.0
202502,63,第63章  其他纺织制成品；成套物品；旧衣着及旧纺织品；碎织物,424,圭亚那,230364.0
202502,63,第63章  其他纺织制成品；成套物品；旧衣着及旧纺织品；碎织物,425,海地,475349.0
202502,63,第63章  其他纺织制成品；成套物品；旧衣着及旧纺织品；碎织物,428,马提尼克,81343.0
202502,63,第63章  其他纺织制成品；成套物品；旧衣着及旧纺织品；碎织物,437,圣卢西亚,3780.0
202502,63,第63章  其他纺织制成品；成套物品；旧衣着及旧纺织品；碎织物,440,萨尔瓦多,528357.0
202502,63,第63章  其他纺织制成品；成套物品；旧衣着及旧纺织品；碎织物,441,苏里南,74352.0
202502,63,第63章  其他纺织制成品；成套物品；旧衣着及旧纺织品；碎织物,502,美国,531844368.0
202502,63,第63章  其他纺织制成品；成套物品；旧衣着及旧纺织品；碎织物,601,澳大利亚,53719430.0
202502,63,第63章  其他纺织制成品；成套物品；旧衣着及旧纺织品；碎织物,607,新喀里多尼亚,78683.0
202502,64,第64章  鞋靴、护腿和类似品及其零件,102,巴林,560570.0
202502,64,第64章  鞋靴、护腿和类似品及其零件,110,中国香港,42586252.0
202502,64,第64章  鞋靴、护腿和类似品及其零件,111,印度,12440157.0
202502,64,第64章  鞋靴、护腿和类似品及其零件,112,印度尼西亚,39483000.0
202502,64,第64章  鞋靴、护腿和类似品及其零件,113,伊朗,546763.0
202502,64,第64章  鞋靴、护腿和类似品及其零件,116,日本,108974882.0
202502,64,第64章  鞋靴、护腿和类似品及其零件,119,老挝,1140298.0
202502,64,第64章  鞋靴、护腿和类似品及其零件,120,黎巴嫩,1125252.0
202502,64,第64章  鞋靴、护腿和类似品及其零件,122,马来西亚,45951272.0
202502,64,第64章  鞋靴、护腿和类似品及其零件,125,尼泊尔,1426157.0
202502,64,第64章  鞋靴、护腿和类似品及其零件,126,阿曼,879053.0
202502,64,第64章  鞋靴、护腿和类似品及其零件,132,新加坡,32063094.0
202502,64,第64章  鞋靴、护腿和类似品及其零件,133,韩国,45899463.0
202502,64,第64章  鞋靴、护腿和类似品及其零件,135,叙利亚,137264.0
202502,64,第64章  鞋靴、护腿和类似品及其零件,136,泰国,27372239.0
202502,64,第64章  鞋靴、护腿和类似品及其零件,139,也门,4124457.0
202502,64,第64章  鞋靴、护腿和类似品及其零件,141,越南,102371173.0
202502,64,第64章  鞋靴、护腿和类似品及其零件,143,中国台湾,11155685.0
202502,64,第64章  鞋靴、护腿和类似品及其零件,145,哈萨克斯坦,50149395.0
202502,64,第64章  鞋靴、护腿和类似品及其零件,148,土库曼斯坦,31334.0
202502,64,第64章  鞋靴、护腿和类似品及其零件,149,乌兹别克斯坦,1914922.0
202502,64,第64章  鞋靴、护腿和类似品及其零件,150,格鲁吉亚,647680.0
202502,64,第64章  鞋靴、护腿和类似品及其零件,151,亚美尼亚,1438055.0
202502,64,第64章  鞋靴、护腿和类似品及其零件,152,阿塞拜疆,816041.0
202502,64,第64章  鞋靴、护腿和类似品及其零件,202,安哥拉,5288031.0
202502,64,第64章  鞋靴、护腿和类似品及其零件,204,博茨瓦纳,87844.0
202502,64,第64章  鞋靴、护腿和类似品及其零件,206,喀麦隆,7952746.0
202502,64,第64章  鞋靴、护腿和类似品及其零件,212,科摩罗,1300.0
202502,64,第64章  鞋靴、护腿和类似品及其零件,217,埃塞俄比亚,634335.0
202502,64,第64章  鞋靴、护腿和类似品及其零件,218,加蓬,567812.0
202502,64,第64章  鞋靴、护腿和类似品及其零件,221,几内亚,4739843.0
202502,64,第64章  鞋靴、护腿和类似品及其零件,223,科特迪瓦,2656559.0
202502,64,第64章  鞋靴、护腿和类似品及其零件,225,利比里亚,735738.0
202502,64,第64章  鞋靴、护腿和类似品及其零件,230,毛里塔尼亚,728503.0
202502,64,第64章  鞋靴、护腿和类似品及其零件,231,毛里求斯,447831.0
202502,64,第64章  鞋靴、护腿和类似品及其零件,234,纳米比亚,982372.0
202502,64,第64章  鞋靴、护腿和类似品及其零件,237,留尼汪,219629.0
202502,64,第64章  鞋靴、护腿和类似品及其零件,240,塞内加尔,6230238.0
202502,64,第64章  鞋靴、护腿和类似品及其零件,242,塞拉利昂,655958.0
202502,64,第64章  鞋靴、护腿和类似品及其零件,243,索马里,932825.0
202502,64,第64章  鞋靴、护腿和类似品及其零件,249,突尼斯,1455134.0
202502,64,第64章  鞋靴、护腿和类似品及其零件,259,马约特,75322.0
202502,64,第64章  鞋靴、护腿和类似品及其零件,260,南苏丹,14384.0
202502,64,第64章  鞋靴、护腿和类似品及其零件,303,英国,58321041.0
202502,64,第64章  鞋靴、护腿和类似品及其零件,304,德国,50303932.0
202502,64,第64章  鞋靴、护腿和类似品及其零件,324,马耳他,244418.0
202502,64,第64章  鞋靴、护腿和类似品及其零件,344,俄罗斯,177352115.0
202502,64,第64章  鞋靴、护腿和类似品及其零件,351,克罗地亚,2325634.0
202502,64,第64章  鞋靴、护腿和类似品及其零件,358,塞尔维亚,1593787.0
202502,64,第64章  鞋靴、护腿和类似品及其零件,401,安提瓜和巴布达,7706.0
202502,64,第64章  鞋靴、护腿和类似品及其零件,414,多米尼克,40224.0
202502,64,第64章  鞋靴、护腿和类似品及其零件,417,库拉索 ,3136.0
202502,64,第64章  鞋靴、护腿和类似品及其零件,420,法属圭亚那,17287.0
202502,64,第64章  鞋靴、护腿和类似品及其零件,421,格林纳达,571.0
202502,64,第64章  鞋靴、护腿和类似品及其零件,424,圭亚那,164886.0
202502,64,第64章  鞋靴、护腿和类似品及其零件,425,海地,700446.0
202502,64,第64章  鞋靴、护腿和类似品及其零件,428,马提尼克,96616.0
202502,64,第64章  鞋靴、护腿和类似品及其零件,437,圣卢西亚,4431.0
202502,64,第64章  鞋靴、护腿和类似品及其零件,440,萨尔瓦多,1344345.0
202502,64,第64章  鞋靴、护腿和类似品及其零件,441,苏里南,53286.0
202502,64,第64章  鞋靴、护腿和类似品及其零件,502,美国,527628206.0
202502,64,第64章  鞋靴、护腿和类似品及其零件,601,澳大利亚,38028411.0
202502,64,第64章  鞋靴、护腿和类似品及其零件,607,新喀里多尼亚,18946.0
202502,65,第65章  帽类及其零件,102,巴林,286557.0
202502,65,第65章  帽类及其零件,110,中国香港,1321266.0
202502,65,第65章  帽类及其零件,111,印度,2132827.0
202502,65,第65章  帽类及其零件,112,印度尼西亚,1242313.0
202502,65,第65章  帽类及其零件,113,伊朗,95551.0
202502,65,第65章  帽类及其零件,116,日本,18546753.0
202502,65,第65章  帽类及其零件,119,老挝,80102.0
202502,65,第65章  帽类及其零件,120,黎巴嫩,54100.0
202502,65,第65章  帽类及其零件,122,马来西亚,2180225.0
202502,65,第65章  帽类及其零件,125,尼泊尔,316802.0
202502,65,第65章  帽类及其零件,126,阿曼,12744.0
202502,65,第65章  帽类及其零件,132,新加坡,1303126.0
202502,65,第65章  帽类及其零件,133,韩国,7776508.0
202502,65,第65章  帽类及其零件,135,叙利亚,1871.0
202502,65,第65章  帽类及其零件,136,泰国,2296584.0
202502,65,第65章  帽类及其零件,139,也门,124576.0
202502,65,第65章  帽类及其零件,141,越南,4167256.0
202502,65,第65章  帽类及其零件,143,中国台湾,1080231.0
202502,65,第65章  帽类及其零件,145,哈萨克斯坦,2256274.0
202502,65,第65章  帽类及其零件,148,土库曼斯坦,4110.0
202502,65,第65章  帽类及其零件,149,乌兹别克斯坦,41235.0
202502,65,第65章  帽类及其零件,150,格鲁吉亚,17468.0
202502,65,第65章  帽类及其零件,151,亚美尼亚,2329.0
202502,65,第65章  帽类及其零件,152,阿塞拜疆,131452.0
202502,65,第65章  帽类及其零件,202,安哥拉,195286.0
202502,65,第65章  帽类及其零件,204,博茨瓦纳,74864.0
202502,65,第65章  帽类及其零件,205,布隆迪,719.0
202502,65,第65章  帽类及其零件,206,喀麦隆,281254.0
202502,65,第65章  帽类及其零件,212,科摩罗,840.0
202502,65,第65章  帽类及其零件,217,埃塞俄比亚,30829.0
202502,65,第65章  帽类及其零件,218,加蓬,38469.0
202502,65,第65章  帽类及其零件,221,几内亚,146404.0
202502,65,第65章  帽类及其零件,223,科特迪瓦,210506.0
202502,65,第65章  帽类及其零件,225,利比里亚,29078.0
202502,65,第65章  帽类及其零件,230,毛里塔尼亚,1511.0
202502,65,第65章  帽类及其零件,231,毛里求斯,51522.0
202502,65,第65章  帽类及其零件,234,纳米比亚,105235.0
202502,65,第65章  帽类及其零件,237,留尼汪,5988.0
202502,65,第65章  帽类及其零件,240,塞内加尔,149370.0
202502,65,第65章  帽类及其零件,242,塞拉利昂,3175.0
202502,65,第65章  帽类及其零件,243,索马里,3935.0
202502,65,第65章  帽类及其零件,249,突尼斯,12570.0
202502,65,第65章  帽类及其零件,259,马约特,1375.0
202502,65,第65章  帽类及其零件,303,英国,11027513.0
202502,65,第65章  帽类及其零件,304,德国,11346986.0
202502,65,第65章  帽类及其零件,324,马耳他,48498.0
202502,65,第65章  帽类及其零件,344,俄罗斯,11067984.0
202502,65,第65章  帽类及其零件,351,克罗地亚,283371.0
202502,65,第65章  帽类及其零件,358,塞尔维亚,97615.0
202502,65,第65章  帽类及其零件,401,安提瓜和巴布达,96.0
202502,65,第65章  帽类及其零件,403,阿鲁巴,450.0
202502,65,第65章  帽类及其零件,414,多米尼克,779.0
202502,65,第65章  帽类及其零件,417,库拉索 ,1423.0
202502,65,第65章  帽类及其零件,424,圭亚那,8305.0
202502,65,第65章  帽类及其零件,425,海地,25908.0
202502,65,第65章  帽类及其零件,428,马提尼克,50.0
202502,65,第65章  帽类及其零件,440,萨尔瓦多,196930.0
202502,65,第65章  帽类及其零件,441,苏里南,5278.0
202502,65,第65章  帽类及其零件,502,美国,69371314.0
202502,65,第65章  帽类及其零件,601,澳大利亚,6138586.0
202502,65,第65章  帽类及其零件,607,新喀里多尼亚,10569.0
202502,66,第66章  雨伞、阳伞、手杖、鞭子、马鞭及其零件,102,巴林,5907.0
202502,66,第66章  雨伞、阳伞、手杖、鞭子、马鞭及其零件,110,中国香港,561925.0
202502,66,第66章  雨伞、阳伞、手杖、鞭子、马鞭及其零件,111,印度,1388830.0
202502,66,第66章  雨伞、阳伞、手杖、鞭子、马鞭及其零件,112,印度尼西亚,2112602.0
202502,66,第66章  雨伞、阳伞、手杖、鞭子、马鞭及其零件,113,伊朗,163138.0
202502,66,第66章  雨伞、阳伞、手杖、鞭子、马鞭及其零件,116,日本,17747190.0
202502,66,第66章  雨伞、阳伞、手杖、鞭子、马鞭及其零件,119,老挝,15884.0
202502,66,第66章  雨伞、阳伞、手杖、鞭子、马鞭及其零件,120,黎巴嫩,97121.0
202502,66,第66章  雨伞、阳伞、手杖、鞭子、马鞭及其零件,122,马来西亚,1592211.0
202502,66,第66章  雨伞、阳伞、手杖、鞭子、马鞭及其零件,125,尼泊尔,382308.0
202502,66,第66章  雨伞、阳伞、手杖、鞭子、马鞭及其零件,126,阿曼,2393.0
202502,66,第66章  雨伞、阳伞、手杖、鞭子、马鞭及其零件,132,新加坡,1022957.0
202502,66,第66章  雨伞、阳伞、手杖、鞭子、马鞭及其零件,133,韩国,4530172.0
202502,66,第66章  雨伞、阳伞、手杖、鞭子、马鞭及其零件,135,叙利亚,91.0
202502,66,第66章  雨伞、阳伞、手杖、鞭子、马鞭及其零件,136,泰国,2310700.0
202502,66,第66章  雨伞、阳伞、手杖、鞭子、马鞭及其零件,139,也门,76297.0
202502,66,第66章  雨伞、阳伞、手杖、鞭子、马鞭及其零件,141,越南,2294319.0
202502,66,第66章  雨伞、阳伞、手杖、鞭子、马鞭及其零件,143,中国台湾,947210.0
202502,66,第66章  雨伞、阳伞、手杖、鞭子、马鞭及其零件,145,哈萨克斯坦,838962.0
202502,66,第66章  雨伞、阳伞、手杖、鞭子、马鞭及其零件,149,乌兹别克斯坦,220723.0
202502,66,第66章  雨伞、阳伞、手杖、鞭子、马鞭及其零件,150,格鲁吉亚,17724.0
202502,66,第66章  雨伞、阳伞、手杖、鞭子、马鞭及其零件,151,亚美尼亚,974.0
202502,66,第66章  雨伞、阳伞、手杖、鞭子、马鞭及其零件,152,阿塞拜疆,360.0
202502,66,第66章  雨伞、阳伞、手杖、鞭子、马鞭及其零件,202,安哥拉,48501.0
202502,66,第66章  雨伞、阳伞、手杖、鞭子、马鞭及其零件,204,博茨瓦纳,19823.0
202502,66,第66章  雨伞、阳伞、手杖、鞭子、马鞭及其零件,205,布隆迪,1048.0
202502,66,第66章  雨伞、阳伞、手杖、鞭子、马鞭及其零件,206,喀麦隆,220315.0
202502,66,第66章  雨伞、阳伞、手杖、鞭子、马鞭及其零件,217,埃塞俄比亚,435989.0
202502,66,第66章  雨伞、阳伞、手杖、鞭子、马鞭及其零件,218,加蓬,19079.0
202502,66,第66章  雨伞、阳伞、手杖、鞭子、马鞭及其零件,221,几内亚,94426.0
202502,66,第66章  雨伞、阳伞、手杖、鞭子、马鞭及其零件,223,科特迪瓦,100332.0
202502,66,第66章  雨伞、阳伞、手杖、鞭子、马鞭及其零件,225,利比里亚,154874.0
202502,66,第66章  雨伞、阳伞、手杖、鞭子、马鞭及其零件,230,毛里塔尼亚,6449.0
202502,66,第66章  雨伞、阳伞、手杖、鞭子、马鞭及其零件,231,毛里求斯,43882.0
202502,66,第66章  雨伞、阳伞、手杖、鞭子、马鞭及其零件,234,纳米比亚,8628.0
202502,66,第66章  雨伞、阳伞、手杖、鞭子、马鞭及其零件,237,留尼汪,3912.0
202502,66,第66章  雨伞、阳伞、手杖、鞭子、马鞭及其零件,240,塞内加尔,23079.0
202502,66,第66章  雨伞、阳伞、手杖、鞭子、马鞭及其零件,242,塞拉利昂,3408.0
202502,66,第66章  雨伞、阳伞、手杖、鞭子、马鞭及其零件,243,索马里,14855.0
202502,66,第66章  雨伞、阳伞、手杖、鞭子、马鞭及其零件,249,突尼斯,139584.0
202502,66,第66章  雨伞、阳伞、手杖、鞭子、马鞭及其零件,259,马约特,938.0
202502,66,第66章  雨伞、阳伞、手杖、鞭子、马鞭及其零件,303,英国,6534604.0
202502,66,第66章  雨伞、阳伞、手杖、鞭子、马鞭及其零件,304,德国,8098420.0
202502,66,第66章  雨伞、阳伞、手杖、鞭子、马鞭及其零件,324,马耳他,93367.0
202502,66,第66章  雨伞、阳伞、手杖、鞭子、马鞭及其零件,344,俄罗斯,2550026.0
202502,66,第66章  雨伞、阳伞、手杖、鞭子、马鞭及其零件,351,克罗地亚,242612.0
202502,66,第66章  雨伞、阳伞、手杖、鞭子、马鞭及其零件,358,塞尔维亚,46978.0
202502,66,第66章  雨伞、阳伞、手杖、鞭子、马鞭及其零件,401,安提瓜和巴布达,2956.0
202502,66,第66章  雨伞、阳伞、手杖、鞭子、马鞭及其零件,414,多米尼克,1410.0
202502,66,第66章  雨伞、阳伞、手杖、鞭子、马鞭及其零件,417,库拉索 ,1476.0
202502,66,第66章  雨伞、阳伞、手杖、鞭子、马鞭及其零件,420,法属圭亚那,1608.0
202502,66,第66章  雨伞、阳伞、手杖、鞭子、马鞭及其零件,424,圭亚那,45696.0
202502,66,第66章  雨伞、阳伞、手杖、鞭子、马鞭及其零件,425,海地,30905.0
202502,66,第66章  雨伞、阳伞、手杖、鞭子、马鞭及其零件,428,马提尼克,4155.0
202502,66,第66章  雨伞、阳伞、手杖、鞭子、马鞭及其零件,440,萨尔瓦多,553794.0
202502,66,第66章  雨伞、阳伞、手杖、鞭子、马鞭及其零件,441,苏里南,11777.0
202502,66,第66章  雨伞、阳伞、手杖、鞭子、马鞭及其零件,502,美国,55923994.0
202502,66,第66章  雨伞、阳伞、手杖、鞭子、马鞭及其零件,601,澳大利亚,1026804.0
202502,66,第66章  雨伞、阳伞、手杖、鞭子、马鞭及其零件,607,新喀里多尼亚,2624.0
202502,67,第67章  已加工羽毛、羽绒及其制品；人造花；人发制品,102,巴林,77207.0
202502,67,第67章  已加工羽毛、羽绒及其制品；人造花；人发制品,110,中国香港,3279219.0
202502,67,第67章  已加工羽毛、羽绒及其制品；人造花；人发制品,111,印度,4541819.0
202502,67,第67章  已加工羽毛、羽绒及其制品；人造花；人发制品,112,印度尼西亚,1173586.0
202502,67,第67章  已加工羽毛、羽绒及其制品；人造花；人发制品,113,伊朗,76142.0
202502,67,第67章  已加工羽毛、羽绒及其制品；人造花；人发制品,116,日本,5142866.0
202502,67,第67章  已加工羽毛、羽绒及其制品；人造花；人发制品,119,老挝,61792.0
202502,67,第67章  已加工羽毛、羽绒及其制品；人造花；人发制品,120,黎巴嫩,57671.0
202502,67,第67章  已加工羽毛、羽绒及其制品；人造花；人发制品,122,马来西亚,5116121.0
202502,67,第67章  已加工羽毛、羽绒及其制品；人造花；人发制品,125,尼泊尔,2686.0
202502,67,第67章  已加工羽毛、羽绒及其制品；人造花；人发制品,126,阿曼,34863.0
202502,67,第67章  已加工羽毛、羽绒及其制品；人造花；人发制品,132,新加坡,5114193.0
202502,67,第67章  已加工羽毛、羽绒及其制品；人造花；人发制品,133,韩国,4199673.0
202502,67,第67章  已加工羽毛、羽绒及其制品；人造花；人发制品,136,泰国,1737049.0
202502,67,第67章  已加工羽毛、羽绒及其制品；人造花；人发制品,139,也门,137389.0
202502,67,第67章  已加工羽毛、羽绒及其制品；人造花；人发制品,141,越南,5113863.0
202502,67,第67章  已加工羽毛、羽绒及其制品；人造花；人发制品,143,中国台湾,275664.0
202502,67,第67章  已加工羽毛、羽绒及其制品；人造花；人发制品,145,哈萨克斯坦,1798427.0
202502,67,第67章  已加工羽毛、羽绒及其制品；人造花；人发制品,148,土库曼斯坦,9605.0
202502,67,第67章  已加工羽毛、羽绒及其制品；人造花；人发制品,149,乌兹别克斯坦,311336.0
202502,67,第67章  已加工羽毛、羽绒及其制品；人造花；人发制品,150,格鲁吉亚,38358.0
202502,67,第67章  已加工羽毛、羽绒及其制品；人造花；人发制品,151,亚美尼亚,8382.0
202502,67,第67章  已加工羽毛、羽绒及其制品；人造花；人发制品,152,阿塞拜疆,57353.0
202502,67,第67章  已加工羽毛、羽绒及其制品；人造花；人发制品,202,安哥拉,77696.0
202502,67,第67章  已加工羽毛、羽绒及其制品；人造花；人发制品,205,布隆迪,7875.0
202502,67,第67章  已加工羽毛、羽绒及其制品；人造花；人发制品,206,喀麦隆,1420175.0
202502,67,第67章  已加工羽毛、羽绒及其制品；人造花；人发制品,218,加蓬,258615.0
202502,67,第67章  已加工羽毛、羽绒及其制品；人造花；人发制品,221,几内亚,37244.0
202502,67,第67章  已加工羽毛、羽绒及其制品；人造花；人发制品,223,科特迪瓦,109007.0
202502,67,第67章  已加工羽毛、羽绒及其制品；人造花；人发制品,225,利比里亚,5207.0
202502,67,第67章  已加工羽毛、羽绒及其制品；人造花；人发制品,230,毛里塔尼亚,29414.0
202502,67,第67章  已加工羽毛、羽绒及其制品；人造花；人发制品,231,毛里求斯,27265.0
202502,67,第67章  已加工羽毛、羽绒及其制品；人造花；人发制品,234,纳米比亚,4013.0
202502,67,第67章  已加工羽毛、羽绒及其制品；人造花；人发制品,237,留尼汪,5990.0
202502,67,第67章  已加工羽毛、羽绒及其制品；人造花；人发制品,240,塞内加尔,724881.0
202502,67,第67章  已加工羽毛、羽绒及其制品；人造花；人发制品,242,塞拉利昂,11146.0
202502,67,第67章  已加工羽毛、羽绒及其制品；人造花；人发制品,243,索马里,15756.0
202502,67,第67章  已加工羽毛、羽绒及其制品；人造花；人发制品,249,突尼斯,82286.0
202502,67,第67章  已加工羽毛、羽绒及其制品；人造花；人发制品,303,英国,15836702.0
202502,67,第67章  已加工羽毛、羽绒及其制品；人造花；人发制品,304,德国,5636020.0
202502,67,第67章  已加工羽毛、羽绒及其制品；人造花；人发制品,324,马耳他,63352.0
202502,67,第67章  已加工羽毛、羽绒及其制品；人造花；人发制品,344,俄罗斯,11297809.0
202502,67,第67章  已加工羽毛、羽绒及其制品；人造花；人发制品,351,克罗地亚,173821.0
202502,67,第67章  已加工羽毛、羽绒及其制品；人造花；人发制品,358,塞尔维亚,110068.0
202502,67,第67章  已加工羽毛、羽绒及其制品；人造花；人发制品,417,库拉索 ,619.0
202502,67,第67章  已加工羽毛、羽绒及其制品；人造花；人发制品,420,法属圭亚那,1228.0
202502,67,第67章  已加工羽毛、羽绒及其制品；人造花；人发制品,421,格林纳达,4260.0
202502,67,第67章  已加工羽毛、羽绒及其制品；人造花；人发制品,424,圭亚那,23976.0
202502,67,第67章  已加工羽毛、羽绒及其制品；人造花；人发制品,425,海地,281.0
202502,67,第67章  已加工羽毛、羽绒及其制品；人造花；人发制品,437,圣卢西亚,778.0
202502,67,第67章  已加工羽毛、羽绒及其制品；人造花；人发制品,440,萨尔瓦多,375072.0
202502,67,第67章  已加工羽毛、羽绒及其制品；人造花；人发制品,441,苏里南,5503.0
202502,67,第67章  已加工羽毛、羽绒及其制品；人造花；人发制品,502,美国,190462946.0
202502,67,第67章  已加工羽毛、羽绒及其制品；人造花；人发制品,601,澳大利亚,3115452.0
202502,67,第67章  已加工羽毛、羽绒及其制品；人造花；人发制品,607,新喀里多尼亚,780.0
202502,68,第68章  石料、石膏、水泥、石棉、云母及类似材料的制品,102,巴林,506884.0
202502,68,第68章  石料、石膏、水泥、石棉、云母及类似材料的制品,104,不丹,903.0
202502,68,第68章  石料、石膏、水泥、石棉、云母及类似材料的制品,110,中国香港,17190773.0
202502,68,第68章  石料、石膏、水泥、石棉、云母及类似材料的制品,111,印度,22177217.0
202502,68,第68章  石料、石膏、水泥、石棉、云母及类似材料的制品,112,印度尼西亚,13379924.0
202502,68,第68章  石料、石膏、水泥、石棉、云母及类似材料的制品,113,伊朗,839105.0
202502,68,第68章  石料、石膏、水泥、石棉、云母及类似材料的制品,116,日本,15409894.0
202502,68,第68章  石料、石膏、水泥、石棉、云母及类似材料的制品,119,老挝,446729.0
202502,68,第68章  石料、石膏、水泥、石棉、云母及类似材料的制品,120,黎巴嫩,460954.0
202502,68,第68章  石料、石膏、水泥、石棉、云母及类似材料的制品,122,马来西亚,12173256.0
202502,68,第68章  石料、石膏、水泥、石棉、云母及类似材料的制品,125,尼泊尔,113686.0
202502,68,第68章  石料、石膏、水泥、石棉、云母及类似材料的制品,126,阿曼,1971434.0
202502,68,第68章  石料、石膏、水泥、石棉、云母及类似材料的制品,132,新加坡,9384400.0
202502,68,第68章  石料、石膏、水泥、石棉、云母及类似材料的制品,133,韩国,39649263.0
202502,68,第68章  石料、石膏、水泥、石棉、云母及类似材料的制品,135,叙利亚,242217.0
202502,68,第68章  石料、石膏、水泥、石棉、云母及类似材料的制品,136,泰国,9884518.0
202502,68,第68章  石料、石膏、水泥、石棉、云母及类似材料的制品,139,也门,162027.0
202502,68,第68章  石料、石膏、水泥、石棉、云母及类似材料的制品,141,越南,29778074.0
202502,68,第68章  石料、石膏、水泥、石棉、云母及类似材料的制品,143,中国台湾,10134554.0
202502,68,第68章  石料、石膏、水泥、石棉、云母及类似材料的制品,145,哈萨克斯坦,5238811.0
202502,68,第68章  石料、石膏、水泥、石棉、云母及类似材料的制品,148,土库曼斯坦,168594.0
202502,68,第68章  石料、石膏、水泥、石棉、云母及类似材料的制品,149,乌兹别克斯坦,1894503.0
202502,68,第68章  石料、石膏、水泥、石棉、云母及类似材料的制品,150,格鲁吉亚,85979.0
202502,68,第68章  石料、石膏、水泥、石棉、云母及类似材料的制品,151,亚美尼亚,71586.0
202502,68,第68章  石料、石膏、水泥、石棉、云母及类似材料的制品,152,阿塞拜疆,142860.0
202502,68,第68章  石料、石膏、水泥、石棉、云母及类似材料的制品,202,安哥拉,424240.0
202502,68,第68章  石料、石膏、水泥、石棉、云母及类似材料的制品,204,博茨瓦纳,45203.0
202502,68,第68章  石料、石膏、水泥、石棉、云母及类似材料的制品,205,布隆迪,4803.0
202502,68,第68章  石料、石膏、水泥、石棉、云母及类似材料的制品,206,喀麦隆,351667.0
202502,68,第68章  石料、石膏、水泥、石棉、云母及类似材料的制品,212,科摩罗,302119.0
202502,68,第68章  石料、石膏、水泥、石棉、云母及类似材料的制品,217,埃塞俄比亚,564617.0
202502,68,第68章  石料、石膏、水泥、石棉、云母及类似材料的制品,218,加蓬,84457.0
202502,68,第68章  石料、石膏、水泥、石棉、云母及类似材料的制品,221,几内亚,6398632.0
202502,68,第68章  石料、石膏、水泥、石棉、云母及类似材料的制品,223,科特迪瓦,206657.0
202502,68,第68章  石料、石膏、水泥、石棉、云母及类似材料的制品,225,利比里亚,58754.0
202502,68,第68章  石料、石膏、水泥、石棉、云母及类似材料的制品,230,毛里塔尼亚,54624.0
202502,68,第68章  石料、石膏、水泥、石棉、云母及类似材料的制品,231,毛里求斯,163818.0
202502,68,第68章  石料、石膏、水泥、石棉、云母及类似材料的制品,234,纳米比亚,1408.0
202502,68,第68章  石料、石膏、水泥、石棉、云母及类似材料的制品,237,留尼汪,36246.0
202502,68,第68章  石料、石膏、水泥、石棉、云母及类似材料的制品,240,塞内加尔,276444.0
202502,68,第68章  石料、石膏、水泥、石棉、云母及类似材料的制品,242,塞拉利昂,125003.0
202502,68,第68章  石料、石膏、水泥、石棉、云母及类似材料的制品,243,索马里,159339.0
202502,68,第68章  石料、石膏、水泥、石棉、云母及类似材料的制品,249,突尼斯,56877.0
202502,68,第68章  石料、石膏、水泥、石棉、云母及类似材料的制品,259,马约特,87.0
202502,68,第68章  石料、石膏、水泥、石棉、云母及类似材料的制品,260,南苏丹,12721.0
202502,68,第68章  石料、石膏、水泥、石棉、云母及类似材料的制品,303,英国,11254515.0
202502,68,第68章  石料、石膏、水泥、石棉、云母及类似材料的制品,304,德国,9472299.0
202502,68,第68章  石料、石膏、水泥、石棉、云母及类似材料的制品,324,马耳他,128522.0
202502,68,第68章  石料、石膏、水泥、石棉、云母及类似材料的制品,344,俄罗斯,23520125.0
202502,68,第68章  石料、石膏、水泥、石棉、云母及类似材料的制品,351,克罗地亚,359240.0
202502,68,第68章  石料、石膏、水泥、石棉、云母及类似材料的制品,358,塞尔维亚,560266.0
202502,68,第68章  石料、石膏、水泥、石棉、云母及类似材料的制品,401,安提瓜和巴布达,3266.0
202502,68,第68章  石料、石膏、水泥、石棉、云母及类似材料的制品,403,阿鲁巴,1987.0
202502,68,第68章  石料、石膏、水泥、石棉、云母及类似材料的制品,414,多米尼克,133135.0
202502,68,第68章  石料、石膏、水泥、石棉、云母及类似材料的制品,417,库拉索 ,28183.0
202502,68,第68章  石料、石膏、水泥、石棉、云母及类似材料的制品,420,法属圭亚那,996.0
202502,68,第68章  石料、石膏、水泥、石棉、云母及类似材料的制品,421,格林纳达,5490.0
202502,68,第68章  石料、石膏、水泥、石棉、云母及类似材料的制品,424,圭亚那,436874.0
202502,68,第68章  石料、石膏、水泥、石棉、云母及类似材料的制品,425,海地,227.0
202502,68,第68章  石料、石膏、水泥、石棉、云母及类似材料的制品,437,圣卢西亚,30375.0
202502,68,第68章  石料、石膏、水泥、石棉、云母及类似材料的制品,440,萨尔瓦多,465333.0
202502,68,第68章  石料、石膏、水泥、石棉、云母及类似材料的制品,441,苏里南,21245.0
202502,68,第68章  石料、石膏、水泥、石棉、云母及类似材料的制品,502,美国,56381097.0
202502,68,第68章  石料、石膏、水泥、石棉、云母及类似材料的制品,601,澳大利亚,13612424.0
202502,68,第68章  石料、石膏、水泥、石棉、云母及类似材料的制品,607,新喀里多尼亚,10814.0
202502,69,第69章  陶瓷产品,102,巴林,950291.0
202502,69,第69章  陶瓷产品,104,不丹,4459.0
202502,69,第69章  陶瓷产品,110,中国香港,6673408.0
202502,69,第69章  陶瓷产品,111,印度,35583119.0
202502,69,第69章  陶瓷产品,112,印度尼西亚,26976365.0
202502,69,第69章  陶瓷产品,113,伊朗,1724394.0
202502,69,第69章  陶瓷产品,116,日本,24268771.0
202502,69,第69章  陶瓷产品,119,老挝,1295211.0
202502,69,第69章  陶瓷产品,120,黎巴嫩,1080235.0
202502,69,第69章  陶瓷产品,122,马来西亚,25289998.0
202502,69,第69章  陶瓷产品,125,尼泊尔,277132.0
202502,69,第69章  陶瓷产品,126,阿曼,2178219.0
202502,69,第69章  陶瓷产品,132,新加坡,28298356.0
202502,69,第69章  陶瓷产品,133,韩国,40821164.0
202502,69,第69章  陶瓷产品,135,叙利亚,73.0
202502,69,第69章  陶瓷产品,136,泰国,23769792.0
202502,69,第69章  陶瓷产品,139,也门,480642.0
202502,69,第69章  陶瓷产品,141,越南,40917864.0
202502,69,第69章  陶瓷产品,143,中国台湾,11674797.0
202502,69,第69章  陶瓷产品,145,哈萨克斯坦,24291744.0
202502,69,第69章  陶瓷产品,148,土库曼斯坦,390186.0
202502,69,第69章  陶瓷产品,149,乌兹别克斯坦,9948793.0
202502,69,第69章  陶瓷产品,150,格鲁吉亚,934308.0
202502,69,第69章  陶瓷产品,151,亚美尼亚,198261.0
202502,69,第69章  陶瓷产品,152,阿塞拜疆,699663.0
202502,69,第69章  陶瓷产品,202,安哥拉,1531377.0
202502,69,第69章  陶瓷产品,204,博茨瓦纳,116147.0
202502,69,第69章  陶瓷产品,205,布隆迪,38563.0
202502,69,第69章  陶瓷产品,206,喀麦隆,2906712.0
202502,69,第69章  陶瓷产品,212,科摩罗,54514.0
202502,69,第69章  陶瓷产品,217,埃塞俄比亚,858387.0
202502,69,第69章  陶瓷产品,218,加蓬,934204.0
202502,69,第69章  陶瓷产品,221,几内亚,1132941.0
202502,69,第69章  陶瓷产品,223,科特迪瓦,2084190.0
202502,69,第69章  陶瓷产品,225,利比里亚,184483.0
202502,69,第69章  陶瓷产品,230,毛里塔尼亚,115361.0
202502,69,第69章  陶瓷产品,231,毛里求斯,500722.0
202502,69,第69章  陶瓷产品,234,纳米比亚,58802.0
202502,69,第69章  陶瓷产品,237,留尼汪,29878.0
202502,69,第69章  陶瓷产品,240,塞内加尔,3586761.0
202502,69,第69章  陶瓷产品,242,塞拉利昂,173151.0
202502,69,第69章  陶瓷产品,243,索马里,749901.0
202502,69,第69章  陶瓷产品,249,突尼斯,94545.0
202502,69,第69章  陶瓷产品,259,马约特,10621.0
202502,69,第69章  陶瓷产品,260,南苏丹,66460.0
202502,69,第69章  陶瓷产品,303,英国,23135349.0
202502,69,第69章  陶瓷产品,304,德国,26453504.0
202502,69,第69章  陶瓷产品,324,马耳他,522421.0
202502,69,第69章  陶瓷产品,344,俄罗斯,28786823.0
202502,69,第69章  陶瓷产品,351,克罗地亚,1046053.0
202502,69,第69章  陶瓷产品,358,塞尔维亚,436758.0
202502,69,第69章  陶瓷产品,403,阿鲁巴,10780.0
202502,69,第69章  陶瓷产品,417,库拉索 ,11482.0
202502,69,第69章  陶瓷产品,420,法属圭亚那,16613.0
202502,69,第69章  陶瓷产品,421,格林纳达,32564.0
202502,69,第69章  陶瓷产品,424,圭亚那,110366.0
202502,69,第69章  陶瓷产品,425,海地,159217.0
202502,69,第69章  陶瓷产品,428,马提尼克,8990.0
202502,69,第69章  陶瓷产品,437,圣卢西亚,1488.0
202502,69,第69章  陶瓷产品,440,萨尔瓦多,674036.0
202502,69,第69章  陶瓷产品,441,苏里南,6030.0
202502,69,第69章  陶瓷产品,502,美国,140867500.0
202502,69,第69章  陶瓷产品,601,澳大利亚,21827122.0
202502,69,第69章  陶瓷产品,607,新喀里多尼亚,65099.0
202502,70,第70章  玻璃及其制品,102,巴林,371970.0
202502,70,第70章  玻璃及其制品,110,中国香港,34690955.0
202502,70,第70章  玻璃及其制品,111,印度,95019029.0
202502,70,第70章  玻璃及其制品,112,印度尼西亚,27524510.0
202502,70,第70章  玻璃及其制品,113,伊朗,4328617.0
202502,70,第70章  玻璃及其制品,116,日本,43918423.0
202502,70,第70章  玻璃及其制品,119,老挝,876248.0
202502,70,第70章  玻璃及其制品,120,黎巴嫩,1785198.0
202502,70,第70章  玻璃及其制品,122,马来西亚,20838239.0
202502,70,第70章  玻璃及其制品,125,尼泊尔,485932.0
202502,70,第70章  玻璃及其制品,126,阿曼,2316557.0
202502,70,第70章  玻璃及其制品,132,新加坡,12789656.0
202502,70,第70章  玻璃及其制品,133,韩国,60592706.0
202502,70,第70章  玻璃及其制品,135,叙利亚,142636.0
202502,70,第70章  玻璃及其制品,136,泰国,39030653.0
202502,70,第70章  玻璃及其制品,139,也门,1904236.0
202502,70,第70章  玻璃及其制品,141,越南,64397740.0
202502,70,第70章  玻璃及其制品,143,中国台湾,18196928.0
202502,70,第70章  玻璃及其制品,145,哈萨克斯坦,18647201.0
202502,70,第70章  玻璃及其制品,148,土库曼斯坦,136655.0
202502,70,第70章  玻璃及其制品,149,乌兹别克斯坦,6795367.0
202502,70,第70章  玻璃及其制品,150,格鲁吉亚,631924.0
202502,70,第70章  玻璃及其制品,151,亚美尼亚,1322170.0
202502,70,第70章  玻璃及其制品,152,阿塞拜疆,521754.0
202502,70,第70章  玻璃及其制品,202,安哥拉,1311943.0
202502,70,第70章  玻璃及其制品,204,博茨瓦纳,4291.0
202502,70,第70章  玻璃及其制品,205,布隆迪,18728.0
202502,70,第70章  玻璃及其制品,206,喀麦隆,1524923.0
202502,70,第70章  玻璃及其制品,212,科摩罗,7169.0
202502,70,第70章  玻璃及其制品,217,埃塞俄比亚,836540.0
202502,70,第70章  玻璃及其制品,218,加蓬,108238.0
202502,70,第70章  玻璃及其制品,221,几内亚,344139.0
202502,70,第70章  玻璃及其制品,223,科特迪瓦,1355252.0
202502,70,第70章  玻璃及其制品,225,利比里亚,243857.0
202502,70,第70章  玻璃及其制品,230,毛里塔尼亚,334911.0
202502,70,第70章  玻璃及其制品,231,毛里求斯,409141.0
202502,70,第70章  玻璃及其制品,234,纳米比亚,47162.0
202502,70,第70章  玻璃及其制品,237,留尼汪,111832.0
202502,70,第70章  玻璃及其制品,240,塞内加尔,1102028.0
202502,70,第70章  玻璃及其制品,242,塞拉利昂,273463.0
202502,70,第70章  玻璃及其制品,243,索马里,168417.0
202502,70,第70章  玻璃及其制品,249,突尼斯,1164044.0
202502,70,第70章  玻璃及其制品,260,南苏丹,1745.0
202502,70,第70章  玻璃及其制品,303,英国,23504276.0
202502,70,第70章  玻璃及其制品,304,德国,35830256.0
202502,70,第70章  玻璃及其制品,324,马耳他,201576.0
202502,70,第70章  玻璃及其制品,344,俄罗斯,20677440.0
202502,70,第70章  玻璃及其制品,351,克罗地亚,852697.0
202502,70,第70章  玻璃及其制品,358,塞尔维亚,1260787.0
202502,70,第70章  玻璃及其制品,401,安提瓜和巴布达,1895.0
202502,70,第70章  玻璃及其制品,403,阿鲁巴,91560.0
202502,70,第70章  玻璃及其制品,414,多米尼克,13125.0
202502,70,第70章  玻璃及其制品,417,库拉索 ,1756.0
202502,70,第70章  玻璃及其制品,420,法属圭亚那,13793.0
202502,70,第70章  玻璃及其制品,421,格林纳达,40772.0
202502,70,第70章  玻璃及其制品,424,圭亚那,254093.0
202502,70,第70章  玻璃及其制品,425,海地,133721.0
202502,70,第70章  玻璃及其制品,428,马提尼克,20663.0
202502,70,第70章  玻璃及其制品,437,圣卢西亚,620.0
202502,70,第70章  玻璃及其制品,440,萨尔瓦多,728993.0
202502,70,第70章  玻璃及其制品,441,苏里南,127123.0
202502,70,第70章  玻璃及其制品,502,美国,206114443.0
202502,70,第70章  玻璃及其制品,601,澳大利亚,23143066.0
202502,70,第70章  玻璃及其制品,607,新喀里多尼亚,47710.0
202502,71,第71章  天然或养殖珍珠、宝石或半宝石、贵金属、包贵金属及其制品；仿首饰；硬币,102,巴林,18439.0
202502,71,第71章  天然或养殖珍珠、宝石或半宝石、贵金属、包贵金属及其制品；仿首饰；硬币,110,中国香港,4649567660.0
202502,71,第71章  天然或养殖珍珠、宝石或半宝石、贵金属、包贵金属及其制品；仿首饰；硬币,111,印度,7472705.0
202502,71,第71章  天然或养殖珍珠、宝石或半宝石、贵金属、包贵金属及其制品；仿首饰；硬币,112,印度尼西亚,1422968.0
202502,71,第71章  天然或养殖珍珠、宝石或半宝石、贵金属、包贵金属及其制品；仿首饰；硬币,113,伊朗,94057081.0
202502,71,第71章  天然或养殖珍珠、宝石或半宝石、贵金属、包贵金属及其制品；仿首饰；硬币,116,日本,7107767.0
202502,71,第71章  天然或养殖珍珠、宝石或半宝石、贵金属、包贵金属及其制品；仿首饰；硬币,119,老挝,1344.0
202502,71,第71章  天然或养殖珍珠、宝石或半宝石、贵金属、包贵金属及其制品；仿首饰；硬币,120,黎巴嫩,128035.0
202502,71,第71章  天然或养殖珍珠、宝石或半宝石、贵金属、包贵金属及其制品；仿首饰；硬币,122,马来西亚,30396457.0
202502,71,第71章  天然或养殖珍珠、宝石或半宝石、贵金属、包贵金属及其制品；仿首饰；硬币,125,尼泊尔,119799.0
202502,71,第71章  天然或养殖珍珠、宝石或半宝石、贵金属、包贵金属及其制品；仿首饰；硬币,126,阿曼,11128.0
202502,71,第71章  天然或养殖珍珠、宝石或半宝石、贵金属、包贵金属及其制品；仿首饰；硬币,132,新加坡,9658455.0
202502,71,第71章  天然或养殖珍珠、宝石或半宝石、贵金属、包贵金属及其制品；仿首饰；硬币,133,韩国,8128582.0
202502,71,第71章  天然或养殖珍珠、宝石或半宝石、贵金属、包贵金属及其制品；仿首饰；硬币,136,泰国,5237026.0
202502,71,第71章  天然或养殖珍珠、宝石或半宝石、贵金属、包贵金属及其制品；仿首饰；硬币,139,也门,114212.0
202502,71,第71章  天然或养殖珍珠、宝石或半宝石、贵金属、包贵金属及其制品；仿首饰；硬币,141,越南,5455526.0
202502,71,第71章  天然或养殖珍珠、宝石或半宝石、贵金属、包贵金属及其制品；仿首饰；硬币,143,中国台湾,3842329.0
202502,71,第71章  天然或养殖珍珠、宝石或半宝石、贵金属、包贵金属及其制品；仿首饰；硬币,145,哈萨克斯坦,2257572.0
202502,71,第71章  天然或养殖珍珠、宝石或半宝石、贵金属、包贵金属及其制品；仿首饰；硬币,148,土库曼斯坦,23342.0
202502,71,第71章  天然或养殖珍珠、宝石或半宝石、贵金属、包贵金属及其制品；仿首饰；硬币,149,乌兹别克斯坦,32151.0
202502,71,第71章  天然或养殖珍珠、宝石或半宝石、贵金属、包贵金属及其制品；仿首饰；硬币,150,格鲁吉亚,124395.0
202502,71,第71章  天然或养殖珍珠、宝石或半宝石、贵金属、包贵金属及其制品；仿首饰；硬币,151,亚美尼亚,108440.0
202502,71,第71章  天然或养殖珍珠、宝石或半宝石、贵金属、包贵金属及其制品；仿首饰；硬币,152,阿塞拜疆,99338.0
202502,71,第71章  天然或养殖珍珠、宝石或半宝石、贵金属、包贵金属及其制品；仿首饰；硬币,202,安哥拉,25074.0
202502,71,第71章  天然或养殖珍珠、宝石或半宝石、贵金属、包贵金属及其制品；仿首饰；硬币,204,博茨瓦纳,9490.0
202502,71,第71章  天然或养殖珍珠、宝石或半宝石、贵金属、包贵金属及其制品；仿首饰；硬币,206,喀麦隆,59016.0
202502,71,第71章  天然或养殖珍珠、宝石或半宝石、贵金属、包贵金属及其制品；仿首饰；硬币,217,埃塞俄比亚,4005.0
202502,71,第71章  天然或养殖珍珠、宝石或半宝石、贵金属、包贵金属及其制品；仿首饰；硬币,218,加蓬,3879.0
202502,71,第71章  天然或养殖珍珠、宝石或半宝石、贵金属、包贵金属及其制品；仿首饰；硬币,221,几内亚,13137.0
202502,71,第71章  天然或养殖珍珠、宝石或半宝石、贵金属、包贵金属及其制品；仿首饰；硬币,223,科特迪瓦,189262.0
202502,71,第71章  天然或养殖珍珠、宝石或半宝石、贵金属、包贵金属及其制品；仿首饰；硬币,225,利比里亚,8547.0
202502,71,第71章  天然或养殖珍珠、宝石或半宝石、贵金属、包贵金属及其制品；仿首饰；硬币,230,毛里塔尼亚,3197.0
202502,71,第71章  天然或养殖珍珠、宝石或半宝石、贵金属、包贵金属及其制品；仿首饰；硬币,231,毛里求斯,102126.0
202502,71,第71章  天然或养殖珍珠、宝石或半宝石、贵金属、包贵金属及其制品；仿首饰；硬币,234,纳米比亚,19885.0
202502,71,第71章  天然或养殖珍珠、宝石或半宝石、贵金属、包贵金属及其制品；仿首饰；硬币,240,塞内加尔,52784.0
202502,71,第71章  天然或养殖珍珠、宝石或半宝石、贵金属、包贵金属及其制品；仿首饰；硬币,242,塞拉利昂,9480.0
202502,71,第71章  天然或养殖珍珠、宝石或半宝石、贵金属、包贵金属及其制品；仿首饰；硬币,243,索马里,1076.0
202502,71,第71章  天然或养殖珍珠、宝石或半宝石、贵金属、包贵金属及其制品；仿首饰；硬币,249,突尼斯,46888.0
202502,71,第71章  天然或养殖珍珠、宝石或半宝石、贵金属、包贵金属及其制品；仿首饰；硬币,303,英国,8732637.0
202502,71,第71章  天然或养殖珍珠、宝石或半宝石、贵金属、包贵金属及其制品；仿首饰；硬币,304,德国,7048341.0
202502,71,第71章  天然或养殖珍珠、宝石或半宝石、贵金属、包贵金属及其制品；仿首饰；硬币,324,马耳他,66596.0
202502,71,第71章  天然或养殖珍珠、宝石或半宝石、贵金属、包贵金属及其制品；仿首饰；硬币,344,俄罗斯,2017686.0
202502,71,第71章  天然或养殖珍珠、宝石或半宝石、贵金属、包贵金属及其制品；仿首饰；硬币,351,克罗地亚,34248.0
202502,71,第71章  天然或养殖珍珠、宝石或半宝石、贵金属、包贵金属及其制品；仿首饰；硬币,358,塞尔维亚,625863.0
202502,71,第71章  天然或养殖珍珠、宝石或半宝石、贵金属、包贵金属及其制品；仿首饰；硬币,401,安提瓜和巴布达,481.0
202502,71,第71章  天然或养殖珍珠、宝石或半宝石、贵金属、包贵金属及其制品；仿首饰；硬币,424,圭亚那,5529.0
202502,71,第71章  天然或养殖珍珠、宝石或半宝石、贵金属、包贵金属及其制品；仿首饰；硬币,425,海地,4352.0
202502,71,第71章  天然或养殖珍珠、宝石或半宝石、贵金属、包贵金属及其制品；仿首饰；硬币,428,马提尼克,458.0
202502,71,第71章  天然或养殖珍珠、宝石或半宝石、贵金属、包贵金属及其制品；仿首饰；硬币,440,萨尔瓦多,17024.0
202502,71,第71章  天然或养殖珍珠、宝石或半宝石、贵金属、包贵金属及其制品；仿首饰；硬币,441,苏里南,1595.0
202502,71,第71章  天然或养殖珍珠、宝石或半宝石、贵金属、包贵金属及其制品；仿首饰；硬币,502,美国,95019412.0
202502,71,第71章  天然或养殖珍珠、宝石或半宝石、贵金属、包贵金属及其制品；仿首饰；硬币,601,澳大利亚,11630790.0
202502,71,第71章  天然或养殖珍珠、宝石或半宝石、贵金属、包贵金属及其制品；仿首饰；硬币,607,新喀里多尼亚,16665.0
202502,72,第72章  钢铁,102,巴林,2770278.0
202502,72,第72章  钢铁,110,中国香港,53678251.0
202502,72,第72章  钢铁,111,印度,78292259.0
202502,72,第72章  钢铁,112,印度尼西亚,337954453.0
202502,72,第72章  钢铁,113,伊朗,16269349.0
202502,72,第72章  钢铁,116,日本,102119520.0
202502,72,第72章  钢铁,119,老挝,21010904.0
202502,72,第72章  钢铁,120,黎巴嫩,8591921.0
202502,72,第72章  钢铁,122,马来西亚,82166000.0
202502,72,第72章  钢铁,125,尼泊尔,1547115.0
202502,72,第72章  钢铁,126,阿曼,14744297.0
202502,72,第72章  钢铁,132,新加坡,84819895.0
202502,72,第72章  钢铁,133,韩国,341064897.0
202502,72,第72章  钢铁,135,叙利亚,210654.0
202502,72,第72章  钢铁,136,泰国,199892963.0
202502,72,第72章  钢铁,139,也门,9342299.0
202502,72,第72章  钢铁,141,越南,468590927.0
202502,72,第72章  钢铁,143,中国台湾,42857037.0
202502,72,第72章  钢铁,145,哈萨克斯坦,12421492.0
202502,72,第72章  钢铁,148,土库曼斯坦,1386245.0
202502,72,第72章  钢铁,149,乌兹别克斯坦,35699119.0
202502,72,第72章  钢铁,150,格鲁吉亚,4165330.0
202502,72,第72章  钢铁,151,亚美尼亚,34762.0
202502,72,第72章  钢铁,152,阿塞拜疆,2581639.0
202502,72,第72章  钢铁,202,安哥拉,4428122.0
202502,72,第72章  钢铁,204,博茨瓦纳,64146.0
202502,72,第72章  钢铁,205,布隆迪,211.0
202502,72,第72章  钢铁,206,喀麦隆,18619856.0
202502,72,第72章  钢铁,212,科摩罗,113932.0
202502,72,第72章  钢铁,217,埃塞俄比亚,5572986.0
202502,72,第72章  钢铁,218,加蓬,3547708.0
202502,72,第72章  钢铁,221,几内亚,4216146.0
202502,72,第72章  钢铁,223,科特迪瓦,27893691.0
202502,72,第72章  钢铁,225,利比里亚,674242.0
202502,72,第72章  钢铁,230,毛里塔尼亚,534110.0
202502,72,第72章  钢铁,231,毛里求斯,693383.0
202502,72,第72章  钢铁,234,纳米比亚,208088.0
202502,72,第72章  钢铁,240,塞内加尔,11198666.0
202502,72,第72章  钢铁,242,塞拉利昂,2864573.0
202502,72,第72章  钢铁,243,索马里,1544976.0
202502,72,第72章  钢铁,249,突尼斯,8127978.0
202502,72,第72章  钢铁,259,马约特,139386.0
202502,72,第72章  钢铁,260,南苏丹,6160.0
202502,72,第72章  钢铁,303,英国,12963581.0
202502,72,第72章  钢铁,304,德国,18297132.0
202502,72,第72章  钢铁,324,马耳他,93371.0
202502,72,第72章  钢铁,344,俄罗斯,62256620.0
202502,72,第72章  钢铁,351,克罗地亚,988844.0
202502,72,第72章  钢铁,358,塞尔维亚,4620421.0
202502,72,第72章  钢铁,401,安提瓜和巴布达,27131.0
202502,72,第72章  钢铁,403,阿鲁巴,3681.0
202502,72,第72章  钢铁,417,库拉索 ,27837.0
202502,72,第72章  钢铁,420,法属圭亚那,14344.0
202502,72,第72章  钢铁,421,格林纳达,21428.0
202502,72,第72章  钢铁,424,圭亚那,3329971.0
202502,72,第72章  钢铁,425,海地,2624309.0
202502,72,第72章  钢铁,437,圣卢西亚,557.0
202502,72,第72章  钢铁,440,萨尔瓦多,15696084.0
202502,72,第72章  钢铁,441,苏里南,425881.0
202502,72,第72章  钢铁,502,美国,44878642.0
202502,72,第72章  钢铁,601,澳大利亚,25315205.0
202502,72,第72章  钢铁,607,新喀里多尼亚,15068.0
202502,73,第73章  钢铁制品,102,巴林,5529195.0
202502,73,第73章  钢铁制品,104,不丹,309011.0
202502,73,第73章  钢铁制品,110,中国香港,86362245.0
202502,73,第73章  钢铁制品,111,印度,139197320.0
202502,73,第73章  钢铁制品,112,印度尼西亚,180511692.0
202502,73,第73章  钢铁制品,113,伊朗,10970434.0
202502,73,第73章  钢铁制品,116,日本,194171934.0
202502,73,第73章  钢铁制品,119,老挝,10802399.0
202502,73,第73章  钢铁制品,120,黎巴嫩,2684980.0
202502,73,第73章  钢铁制品,122,马来西亚,123071547.0
202502,73,第73章  钢铁制品,125,尼泊尔,1386289.0
202502,73,第73章  钢铁制品,126,阿曼,33227533.0
202502,73,第73章  钢铁制品,132,新加坡,95982743.0
202502,73,第73章  钢铁制品,133,韩国,214588409.0
202502,73,第73章  钢铁制品,135,叙利亚,725531.0
202502,73,第73章  钢铁制品,136,泰国,170403020.0
202502,73,第73章  钢铁制品,139,也门,5458396.0
202502,73,第73章  钢铁制品,141,越南,189440688.0
202502,73,第73章  钢铁制品,143,中国台湾,43041198.0
202502,73,第73章  钢铁制品,145,哈萨克斯坦,59719984.0
202502,73,第73章  钢铁制品,148,土库曼斯坦,6447334.0
202502,73,第73章  钢铁制品,149,乌兹别克斯坦,40131376.0
202502,73,第73章  钢铁制品,150,格鲁吉亚,2220078.0
202502,73,第73章  钢铁制品,151,亚美尼亚,615091.0
202502,73,第73章  钢铁制品,152,阿塞拜疆,3767513.0
202502,73,第73章  钢铁制品,202,安哥拉,13243706.0
202502,73,第73章  钢铁制品,204,博茨瓦纳,1496851.0
202502,73,第73章  钢铁制品,205,布隆迪,716383.0
202502,73,第73章  钢铁制品,206,喀麦隆,10761284.0
202502,73,第73章  钢铁制品,212,科摩罗,353038.0
202502,73,第73章  钢铁制品,217,埃塞俄比亚,5586118.0
202502,73,第73章  钢铁制品,218,加蓬,10199525.0
202502,73,第73章  钢铁制品,221,几内亚,34388996.0
202502,73,第73章  钢铁制品,223,科特迪瓦,9327823.0
202502,73,第73章  钢铁制品,225,利比里亚,19454986.0
202502,73,第73章  钢铁制品,230,毛里塔尼亚,2326476.0
202502,73,第73章  钢铁制品,231,毛里求斯,1458406.0
202502,73,第73章  钢铁制品,234,纳米比亚,257635.0
202502,73,第73章  钢铁制品,237,留尼汪,455114.0
202502,73,第73章  钢铁制品,240,塞内加尔,7578152.0
202502,73,第73章  钢铁制品,242,塞拉利昂,6100734.0
202502,73,第73章  钢铁制品,243,索马里,1639326.0
202502,73,第73章  钢铁制品,249,突尼斯,2861195.0
202502,73,第73章  钢铁制品,259,马约特,136250.0
202502,73,第73章  钢铁制品,260,南苏丹,213808.0
202502,73,第73章  钢铁制品,303,英国,93900957.0
202502,73,第73章  钢铁制品,304,德国,132682407.0
202502,73,第73章  钢铁制品,324,马耳他,3066631.0
202502,73,第73章  钢铁制品,344,俄罗斯,141820057.0
202502,73,第73章  钢铁制品,351,克罗地亚,5098173.0
202502,73,第73章  钢铁制品,358,塞尔维亚,12678098.0
202502,73,第73章  钢铁制品,401,安提瓜和巴布达,2660529.0
202502,73,第73章  钢铁制品,403,阿鲁巴,371305.0
202502,73,第73章  钢铁制品,414,多米尼克,184824.0
202502,73,第73章  钢铁制品,417,库拉索 ,43622.0
202502,73,第73章  钢铁制品,420,法属圭亚那,11581.0
202502,73,第73章  钢铁制品,421,格林纳达,314631.0
202502,73,第73章  钢铁制品,424,圭亚那,2674198.0
202502,73,第73章  钢铁制品,425,海地,919323.0
202502,73,第73章  钢铁制品,428,马提尼克,50998.0
202502,73,第73章  钢铁制品,437,圣卢西亚,226558.0
202502,73,第73章  钢铁制品,440,萨尔瓦多,5169502.0
202502,73,第73章  钢铁制品,441,苏里南,2673115.0
202502,73,第73章  钢铁制品,502,美国,749530571.0
202502,73,第73章  钢铁制品,601,澳大利亚,131272375.0
202502,73,第73章  钢铁制品,607,新喀里多尼亚,494715.0
202502,73,第73章  钢铁制品,618,基里巴斯,32505.0
202502,74,第74章  铜及其制品,102,巴林,29969.0
202502,74,第74章  铜及其制品,110,中国香港,6961754.0
202502,74,第74章  铜及其制品,111,印度,51116686.0
202502,74,第74章  铜及其制品,112,印度尼西亚,22619359.0
202502,74,第74章  铜及其制品,113,伊朗,109866.0
202502,74,第74章  铜及其制品,116,日本,23646934.0
202502,74,第74章  铜及其制品,119,老挝,145075.0
202502,74,第74章  铜及其制品,120,黎巴嫩,235945.0
202502,74,第74章  铜及其制品,122,马来西亚,25377866.0
202502,74,第74章  铜及其制品,125,尼泊尔,16435.0
202502,74,第74章  铜及其制品,126,阿曼,348866.0
202502,74,第74章  铜及其制品,132,新加坡,24447149.0
202502,74,第74章  铜及其制品,133,韩国,75599916.0
202502,74,第74章  铜及其制品,135,叙利亚,5000.0
202502,74,第74章  铜及其制品,136,泰国,133029013.0
202502,74,第74章  铜及其制品,139,也门,57205.0
202502,74,第74章  铜及其制品,141,越南,147811116.0
202502,74,第74章  铜及其制品,143,中国台湾,86611219.0
202502,74,第74章  铜及其制品,145,哈萨克斯坦,357907.0
202502,74,第74章  铜及其制品,148,土库曼斯坦,9508.0
202502,74,第74章  铜及其制品,149,乌兹别克斯坦,317691.0
202502,74,第74章  铜及其制品,150,格鲁吉亚,14108.0
202502,74,第74章  铜及其制品,151,亚美尼亚,1970.0
202502,74,第74章  铜及其制品,152,阿塞拜疆,14879.0
202502,74,第74章  铜及其制品,202,安哥拉,130314.0
202502,74,第74章  铜及其制品,204,博茨瓦纳,95.0
202502,74,第74章  铜及其制品,205,布隆迪,29145.0
202502,74,第74章  铜及其制品,206,喀麦隆,15892.0
202502,74,第74章  铜及其制品,212,科摩罗,8697.0
202502,74,第74章  铜及其制品,217,埃塞俄比亚,52861.0
202502,74,第74章  铜及其制品,218,加蓬,4434.0
202502,74,第74章  铜及其制品,221,几内亚,44079.0
202502,74,第74章  铜及其制品,223,科特迪瓦,47383.0
202502,74,第74章  铜及其制品,225,利比里亚,34530.0
202502,74,第74章  铜及其制品,230,毛里塔尼亚,60810.0
202502,74,第74章  铜及其制品,231,毛里求斯,74309.0
202502,74,第74章  铜及其制品,234,纳米比亚,4524.0
202502,74,第74章  铜及其制品,237,留尼汪,2079.0
202502,74,第74章  铜及其制品,240,塞内加尔,645865.0
202502,74,第74章  铜及其制品,242,塞拉利昂,4647.0
202502,74,第74章  铜及其制品,243,索马里,488.0
202502,74,第74章  铜及其制品,249,突尼斯,881887.0
202502,74,第74章  铜及其制品,303,英国,5993602.0
202502,74,第74章  铜及其制品,304,德国,11996697.0
202502,74,第74章  铜及其制品,324,马耳他,551695.0
202502,74,第74章  铜及其制品,344,俄罗斯,9758530.0
202502,74,第74章  铜及其制品,351,克罗地亚,30165.0
202502,74,第74章  铜及其制品,358,塞尔维亚,197562.0
202502,74,第74章  铜及其制品,414,多米尼克,14794.0
202502,74,第74章  铜及其制品,424,圭亚那,50179.0
202502,74,第74章  铜及其制品,437,圣卢西亚,2646.0
202502,74,第74章  铜及其制品,440,萨尔瓦多,32695.0
202502,74,第74章  铜及其制品,441,苏里南,1350.0
202502,74,第74章  铜及其制品,502,美国,49346715.0
202502,74,第74章  铜及其制品,601,澳大利亚,9971509.0
202502,75,第75章  镍及其制品,102,巴林,218302.0
202502,75,第75章  镍及其制品,110,中国香港,482785.0
202502,75,第75章  镍及其制品,111,印度,15935783.0
202502,75,第75章  镍及其制品,112,印度尼西亚,111969.0
202502,75,第75章  镍及其制品,113,伊朗,262558.0
202502,75,第75章  镍及其制品,116,日本,2569372.0
202502,75,第75章  镍及其制品,122,马来西亚,592915.0
202502,75,第75章  镍及其制品,126,阿曼,324326.0
202502,75,第75章  镍及其制品,132,新加坡,111491173.0
202502,75,第75章  镍及其制品,133,韩国,92126266.0
202502,75,第75章  镍及其制品,136,泰国,685825.0
202502,75,第75章  镍及其制品,141,越南,219040.0
202502,75,第75章  镍及其制品,143,中国台湾,102925763.0
202502,75,第75章  镍及其制品,145,哈萨克斯坦,266111.0
202502,75,第75章  镍及其制品,148,土库曼斯坦,11971.0
202502,75,第75章  镍及其制品,149,乌兹别克斯坦,70901.0
202502,75,第75章  镍及其制品,152,阿塞拜疆,154.0
202502,75,第75章  镍及其制品,202,安哥拉,258000.0
202502,75,第75章  镍及其制品,204,博茨瓦纳,157851.0
202502,75,第75章  镍及其制品,223,科特迪瓦,1139.0
202502,75,第75章  镍及其制品,225,利比里亚,19311.0
202502,75,第75章  镍及其制品,243,索马里,7943.0
202502,75,第75章  镍及其制品,249,突尼斯,100.0
202502,75,第75章  镍及其制品,303,英国,927131.0
202502,75,第75章  镍及其制品,304,德国,1075121.0
202502,75,第75章  镍及其制品,324,马耳他,22.0
202502,75,第75章  镍及其制品,344,俄罗斯,2410654.0
202502,75,第75章  镍及其制品,358,塞尔维亚,3792.0
202502,75,第75章  镍及其制品,424,圭亚那,6394.0
202502,75,第75章  镍及其制品,502,美国,1353121.0
202502,75,第75章  镍及其制品,601,澳大利亚,821608.0
202502,76,第76章  铝及其制品,102,巴林,772714.0
202502,76,第76章  铝及其制品,104,不丹,350.0
202502,76,第76章  铝及其制品,110,中国香港,38537153.0
202502,76,第76章  铝及其制品,111,印度,139774123.0
202502,76,第76章  铝及其制品,112,印度尼西亚,65900822.0
202502,76,第76章  铝及其制品,113,伊朗,5203236.0
202502,76,第76章  铝及其制品,116,日本,112526703.0
202502,76,第76章  铝及其制品,119,老挝,1928226.0
202502,76,第76章  铝及其制品,120,黎巴嫩,3676081.0
202502,76,第76章  铝及其制品,122,马来西亚,63934308.0
202502,76,第76章  铝及其制品,125,尼泊尔,970666.0
202502,76,第76章  铝及其制品,126,阿曼,2861817.0
202502,76,第76章  铝及其制品,132,新加坡,33507051.0
202502,76,第76章  铝及其制品,133,韩国,99040031.0
202502,76,第76章  铝及其制品,135,叙利亚,42787.0
202502,76,第76章  铝及其制品,136,泰国,109128086.0
202502,76,第76章  铝及其制品,139,也门,1393309.0
202502,76,第76章  铝及其制品,141,越南,138447863.0
202502,76,第76章  铝及其制品,143,中国台湾,23104767.0
202502,76,第76章  铝及其制品,145,哈萨克斯坦,18633398.0
202502,76,第76章  铝及其制品,148,土库曼斯坦,217867.0
202502,76,第76章  铝及其制品,149,乌兹别克斯坦,8401622.0
202502,76,第76章  铝及其制品,150,格鲁吉亚,859724.0
202502,76,第76章  铝及其制品,151,亚美尼亚,537736.0
202502,76,第76章  铝及其制品,152,阿塞拜疆,396143.0
202502,76,第76章  铝及其制品,202,安哥拉,1695885.0
202502,76,第76章  铝及其制品,204,博茨瓦纳,127279.0
202502,76,第76章  铝及其制品,205,布隆迪,251095.0
202502,76,第76章  铝及其制品,206,喀麦隆,4018012.0
202502,76,第76章  铝及其制品,212,科摩罗,16366.0
202502,76,第76章  铝及其制品,217,埃塞俄比亚,2405364.0
202502,76,第76章  铝及其制品,218,加蓬,525860.0
202502,76,第76章  铝及其制品,221,几内亚,2591871.0
202502,76,第76章  铝及其制品,223,科特迪瓦,3581736.0
202502,76,第76章  铝及其制品,225,利比里亚,496010.0
202502,76,第76章  铝及其制品,230,毛里塔尼亚,124987.0
202502,76,第76章  铝及其制品,231,毛里求斯,1309793.0
202502,76,第76章  铝及其制品,234,纳米比亚,14694.0
202502,76,第76章  铝及其制品,237,留尼汪,563208.0
202502,76,第76章  铝及其制品,240,塞内加尔,2603885.0
202502,76,第76章  铝及其制品,242,塞拉利昂,347613.0
202502,76,第76章  铝及其制品,243,索马里,1076056.0
202502,76,第76章  铝及其制品,249,突尼斯,7507288.0
202502,76,第76章  铝及其制品,259,马约特,61983.0
202502,76,第76章  铝及其制品,260,南苏丹,151382.0
202502,76,第76章  铝及其制品,303,英国,36603641.0
202502,76,第76章  铝及其制品,304,德国,48004605.0
202502,76,第76章  铝及其制品,324,马耳他,209960.0
202502,76,第76章  铝及其制品,344,俄罗斯,32124143.0
202502,76,第76章  铝及其制品,351,克罗地亚,2246871.0
202502,76,第76章  铝及其制品,358,塞尔维亚,4710028.0
202502,76,第76章  铝及其制品,401,安提瓜和巴布达,129470.0
202502,76,第76章  铝及其制品,403,阿鲁巴,149600.0
202502,76,第76章  铝及其制品,414,多米尼克,81507.0
202502,76,第76章  铝及其制品,417,库拉索 ,218089.0
202502,76,第76章  铝及其制品,420,法属圭亚那,9751.0
202502,76,第76章  铝及其制品,421,格林纳达,133521.0
202502,76,第76章  铝及其制品,424,圭亚那,639322.0
202502,76,第76章  铝及其制品,425,海地,20861.0
202502,76,第76章  铝及其制品,428,马提尼克,63615.0
202502,76,第76章  铝及其制品,437,圣卢西亚,105120.0
202502,76,第76章  铝及其制品,440,萨尔瓦多,2454445.0
202502,76,第76章  铝及其制品,441,苏里南,171207.0
202502,76,第76章  铝及其制品,502,美国,187456941.0
202502,76,第76章  铝及其制品,601,澳大利亚,86471870.0
202502,76,第76章  铝及其制品,607,新喀里多尼亚,193309.0
202502,76,第76章  铝及其制品,618,基里巴斯,405.0
202502,78,第78章  铅及其制品,110,中国香港,3887.0
202502,78,第78章  铅及其制品,111,印度,23624.0
202502,78,第78章  铅及其制品,112,印度尼西亚,22312.0
202502,78,第78章  铅及其制品,116,日本,47380.0
202502,78,第78章  铅及其制品,122,马来西亚,1691421.0
202502,78,第78章  铅及其制品,132,新加坡,12598874.0
202502,78,第78章  铅及其制品,133,韩国,336204.0
202502,78,第78章  铅及其制品,136,泰国,697.0
202502,78,第78章  铅及其制品,139,也门,45.0
202502,78,第78章  铅及其制品,141,越南,2232898.0
202502,78,第78章  铅及其制品,143,中国台湾,1095685.0
202502,78,第78章  铅及其制品,217,埃塞俄比亚,2250.0
202502,78,第78章  铅及其制品,221,几内亚,11180.0
202502,78,第78章  铅及其制品,242,塞拉利昂,3.0
202502,78,第78章  铅及其制品,303,英国,1403.0
202502,78,第78章  铅及其制品,304,德国,27931.0
202502,78,第78章  铅及其制品,324,马耳他,301.0
202502,78,第78章  铅及其制品,344,俄罗斯,57944.0
202502,78,第78章  铅及其制品,358,塞尔维亚,67.0
202502,78,第78章  铅及其制品,502,美国,21816.0
202502,78,第78章  铅及其制品,601,澳大利亚,1.0
202502,79,第79章  锌及其制品,102,巴林,465.0
202502,79,第79章  锌及其制品,110,中国香港,162592.0
202502,79,第79章  锌及其制品,111,印度,88993.0
202502,79,第79章  锌及其制品,112,印度尼西亚,812504.0
202502,79,第79章  锌及其制品,113,伊朗,1840.0
202502,79,第79章  锌及其制品,116,日本,463201.0
202502,79,第79章  锌及其制品,120,黎巴嫩,357.0
202502,79,第79章  锌及其制品,122,马来西亚,109111.0
202502,79,第79章  锌及其制品,126,阿曼,449.0
202502,79,第79章  锌及其制品,132,新加坡,182537.0
202502,79,第79章  锌及其制品,133,韩国,102304.0
202502,79,第79章  锌及其制品,136,泰国,183874.0
202502,79,第79章  锌及其制品,141,越南,2018561.0
202502,79,第79章  锌及其制品,143,中国台湾,333358.0
202502,79,第79章  锌及其制品,145,哈萨克斯坦,3947.0
202502,79,第79章  锌及其制品,149,乌兹别克斯坦,124.0
202502,79,第79章  锌及其制品,152,阿塞拜疆,1280.0
202502,79,第79章  锌及其制品,202,安哥拉,12.0
202502,79,第79章  锌及其制品,223,科特迪瓦,2700.0
202502,79,第79章  锌及其制品,225,利比里亚,65100.0
202502,79,第79章  锌及其制品,240,塞内加尔,270.0
202502,79,第79章  锌及其制品,303,英国,158709.0
202502,79,第79章  锌及其制品,304,德国,611114.0
202502,79,第79章  锌及其制品,324,马耳他,21203.0
202502,79,第79章  锌及其制品,344,俄罗斯,328083.0
202502,79,第79章  锌及其制品,351,克罗地亚,721.0
202502,79,第79章  锌及其制品,424,圭亚那,190.0
202502,79,第79章  锌及其制品,425,海地,81.0
202502,79,第79章  锌及其制品,440,萨尔瓦多,1582.0
202502,79,第79章  锌及其制品,502,美国,1257489.0
202502,79,第79章  锌及其制品,601,澳大利亚,38829.0
202502,80,第80章  锡及其制品,110,中国香港,823755.0
202502,80,第80章  锡及其制品,111,印度,16149402.0
202502,80,第80章  锡及其制品,112,印度尼西亚,74766.0
202502,80,第80章  锡及其制品,113,伊朗,3210.0
202502,80,第80章  锡及其制品,116,日本,5129510.0
202502,80,第80章  锡及其制品,119,老挝,453.0
202502,80,第80章  锡及其制品,122,马来西亚,1770109.0
202502,80,第80章  锡及其制品,132,新加坡,2362.0
202502,80,第80章  锡及其制品,133,韩国,9204717.0
202502,80,第80章  锡及其制品,136,泰国,2004202.0
202502,80,第80章  锡及其制品,139,也门,5118.0
202502,80,第80章  锡及其制品,141,越南,3959367.0
202502,80,第80章  锡及其制品,143,中国台湾,9190949.0
202502,80,第80章  锡及其制品,150,格鲁吉亚,8.0
202502,80,第80章  锡及其制品,151,亚美尼亚,19197.0
202502,80,第80章  锡及其制品,206,喀麦隆,5144.0
202502,80,第80章  锡及其制品,225,利比里亚,675.0
202502,80,第80章  锡及其制品,231,毛里求斯,2857.0
202502,80,第80章  锡及其制品,303,英国,1504032.0
202502,80,第80章  锡及其制品,304,德国,10091.0
202502,80,第80章  锡及其制品,324,马耳他,68.0
202502,80,第80章  锡及其制品,344,俄罗斯,75474.0
202502,80,第80章  锡及其制品,358,塞尔维亚,47.0
202502,80,第80章  锡及其制品,440,萨尔瓦多,116.0
202502,80,第80章  锡及其制品,502,美国,8888633.0
202502,80,第80章  锡及其制品,601,澳大利亚,14699.0
202502,81,第81章  其他贱金属、金属陶瓷及其制品,102,巴林,1136630.0
202502,81,第81章  其他贱金属、金属陶瓷及其制品,110,中国香港,816079.0
202502,81,第81章  其他贱金属、金属陶瓷及其制品,111,印度,14393786.0
202502,81,第81章  其他贱金属、金属陶瓷及其制品,112,印度尼西亚,3414349.0
202502,81,第81章  其他贱金属、金属陶瓷及其制品,113,伊朗,243319.0
202502,81,第81章  其他贱金属、金属陶瓷及其制品,116,日本,18070141.0
202502,81,第81章  其他贱金属、金属陶瓷及其制品,122,马来西亚,6667405.0
202502,81,第81章  其他贱金属、金属陶瓷及其制品,126,阿曼,66171.0
202502,81,第81章  其他贱金属、金属陶瓷及其制品,132,新加坡,693710.0
202502,81,第81章  其他贱金属、金属陶瓷及其制品,133,韩国,26428846.0
202502,81,第81章  其他贱金属、金属陶瓷及其制品,136,泰国,3355332.0
202502,81,第81章  其他贱金属、金属陶瓷及其制品,141,越南,2859347.0
202502,81,第81章  其他贱金属、金属陶瓷及其制品,143,中国台湾,8898110.0
202502,81,第81章  其他贱金属、金属陶瓷及其制品,145,哈萨克斯坦,738487.0
202502,81,第81章  其他贱金属、金属陶瓷及其制品,149,乌兹别克斯坦,200.0
202502,81,第81章  其他贱金属、金属陶瓷及其制品,150,格鲁吉亚,1861.0
202502,81,第81章  其他贱金属、金属陶瓷及其制品,152,阿塞拜疆,212.0
202502,81,第81章  其他贱金属、金属陶瓷及其制品,206,喀麦隆,20000.0
202502,81,第81章  其他贱金属、金属陶瓷及其制品,217,埃塞俄比亚,12522.0
202502,81,第81章  其他贱金属、金属陶瓷及其制品,218,加蓬,1308.0
202502,81,第81章  其他贱金属、金属陶瓷及其制品,225,利比里亚,14703.0
202502,81,第81章  其他贱金属、金属陶瓷及其制品,231,毛里求斯,12.0
202502,81,第81章  其他贱金属、金属陶瓷及其制品,249,突尼斯,581405.0
202502,81,第81章  其他贱金属、金属陶瓷及其制品,303,英国,9428787.0
202502,81,第81章  其他贱金属、金属陶瓷及其制品,304,德国,13851073.0
202502,81,第81章  其他贱金属、金属陶瓷及其制品,324,马耳他,1394.0
202502,81,第81章  其他贱金属、金属陶瓷及其制品,344,俄罗斯,7422081.0
202502,81,第81章  其他贱金属、金属陶瓷及其制品,351,克罗地亚,329000.0
202502,81,第81章  其他贱金属、金属陶瓷及其制品,358,塞尔维亚,44589.0
202502,81,第81章  其他贱金属、金属陶瓷及其制品,502,美国,27138030.0
202502,81,第81章  其他贱金属、金属陶瓷及其制品,601,澳大利亚,2599752.0
202502,81,第81章  其他贱金属、金属陶瓷及其制品,607,新喀里多尼亚,750.0
202502,82,第82章  贱金属工具、器具、利口器、餐匙、餐叉及其零件,102,巴林,174552.0
202502,82,第82章  贱金属工具、器具、利口器、餐匙、餐叉及其零件,104,不丹,792.0
202502,82,第82章  贱金属工具、器具、利口器、餐匙、餐叉及其零件,110,中国香港,7747446.0
202502,82,第82章  贱金属工具、器具、利口器、餐匙、餐叉及其零件,111,印度,40439658.0
202502,82,第82章  贱金属工具、器具、利口器、餐匙、餐叉及其零件,112,印度尼西亚,16861518.0
202502,82,第82章  贱金属工具、器具、利口器、餐匙、餐叉及其零件,113,伊朗,3988345.0
202502,82,第82章  贱金属工具、器具、利口器、餐匙、餐叉及其零件,116,日本,29975047.0
202502,82,第82章  贱金属工具、器具、利口器、餐匙、餐叉及其零件,119,老挝,348517.0
202502,82,第82章  贱金属工具、器具、利口器、餐匙、餐叉及其零件,120,黎巴嫩,643033.0
202502,82,第82章  贱金属工具、器具、利口器、餐匙、餐叉及其零件,122,马来西亚,15372326.0
202502,82,第82章  贱金属工具、器具、利口器、餐匙、餐叉及其零件,125,尼泊尔,512490.0
202502,82,第82章  贱金属工具、器具、利口器、餐匙、餐叉及其零件,126,阿曼,690066.0
202502,82,第82章  贱金属工具、器具、利口器、餐匙、餐叉及其零件,132,新加坡,19261267.0
202502,82,第82章  贱金属工具、器具、利口器、餐匙、餐叉及其零件,133,韩国,27505030.0
202502,82,第82章  贱金属工具、器具、利口器、餐匙、餐叉及其零件,135,叙利亚,187857.0
202502,82,第82章  贱金属工具、器具、利口器、餐匙、餐叉及其零件,136,泰国,20223398.0
202502,82,第82章  贱金属工具、器具、利口器、餐匙、餐叉及其零件,139,也门,1105887.0
202502,82,第82章  贱金属工具、器具、利口器、餐匙、餐叉及其零件,141,越南,48258998.0
202502,82,第82章  贱金属工具、器具、利口器、餐匙、餐叉及其零件,143,中国台湾,9181197.0
202502,82,第82章  贱金属工具、器具、利口器、餐匙、餐叉及其零件,145,哈萨克斯坦,14040955.0
202502,82,第82章  贱金属工具、器具、利口器、餐匙、餐叉及其零件,148,土库曼斯坦,306468.0
202502,82,第82章  贱金属工具、器具、利口器、餐匙、餐叉及其零件,149,乌兹别克斯坦,6230063.0
202502,82,第82章  贱金属工具、器具、利口器、餐匙、餐叉及其零件,150,格鲁吉亚,637820.0
202502,82,第82章  贱金属工具、器具、利口器、餐匙、餐叉及其零件,151,亚美尼亚,275309.0
202502,82,第82章  贱金属工具、器具、利口器、餐匙、餐叉及其零件,152,阿塞拜疆,593641.0
202502,82,第82章  贱金属工具、器具、利口器、餐匙、餐叉及其零件,202,安哥拉,778973.0
202502,82,第82章  贱金属工具、器具、利口器、餐匙、餐叉及其零件,204,博茨瓦纳,35236.0
202502,82,第82章  贱金属工具、器具、利口器、餐匙、餐叉及其零件,205,布隆迪,52169.0
202502,82,第82章  贱金属工具、器具、利口器、餐匙、餐叉及其零件,206,喀麦隆,1360565.0
202502,82,第82章  贱金属工具、器具、利口器、餐匙、餐叉及其零件,212,科摩罗,9355.0
202502,82,第82章  贱金属工具、器具、利口器、餐匙、餐叉及其零件,217,埃塞俄比亚,143834.0
202502,82,第82章  贱金属工具、器具、利口器、餐匙、餐叉及其零件,218,加蓬,164377.0
202502,82,第82章  贱金属工具、器具、利口器、餐匙、餐叉及其零件,221,几内亚,920342.0
202502,82,第82章  贱金属工具、器具、利口器、餐匙、餐叉及其零件,223,科特迪瓦,674550.0
202502,82,第82章  贱金属工具、器具、利口器、餐匙、餐叉及其零件,225,利比里亚,296401.0
202502,82,第82章  贱金属工具、器具、利口器、餐匙、餐叉及其零件,230,毛里塔尼亚,205875.0
202502,82,第82章  贱金属工具、器具、利口器、餐匙、餐叉及其零件,231,毛里求斯,168504.0
202502,82,第82章  贱金属工具、器具、利口器、餐匙、餐叉及其零件,234,纳米比亚,35455.0
202502,82,第82章  贱金属工具、器具、利口器、餐匙、餐叉及其零件,237,留尼汪,15643.0
202502,82,第82章  贱金属工具、器具、利口器、餐匙、餐叉及其零件,240,塞内加尔,803849.0
202502,82,第82章  贱金属工具、器具、利口器、餐匙、餐叉及其零件,242,塞拉利昂,141923.0
202502,82,第82章  贱金属工具、器具、利口器、餐匙、餐叉及其零件,243,索马里,127683.0
202502,82,第82章  贱金属工具、器具、利口器、餐匙、餐叉及其零件,249,突尼斯,1318564.0
202502,82,第82章  贱金属工具、器具、利口器、餐匙、餐叉及其零件,259,马约特,3728.0
202502,82,第82章  贱金属工具、器具、利口器、餐匙、餐叉及其零件,260,南苏丹,330.0
202502,82,第82章  贱金属工具、器具、利口器、餐匙、餐叉及其零件,303,英国,33693271.0
202502,82,第82章  贱金属工具、器具、利口器、餐匙、餐叉及其零件,304,德国,56084345.0
202502,82,第82章  贱金属工具、器具、利口器、餐匙、餐叉及其零件,324,马耳他,247037.0
202502,82,第82章  贱金属工具、器具、利口器、餐匙、餐叉及其零件,344,俄罗斯,62589196.0
202502,82,第82章  贱金属工具、器具、利口器、餐匙、餐叉及其零件,351,克罗地亚,971881.0
202502,82,第82章  贱金属工具、器具、利口器、餐匙、餐叉及其零件,358,塞尔维亚,3554183.0
202502,82,第82章  贱金属工具、器具、利口器、餐匙、餐叉及其零件,401,安提瓜和巴布达,7795.0
202502,82,第82章  贱金属工具、器具、利口器、餐匙、餐叉及其零件,403,阿鲁巴,20528.0
202502,82,第82章  贱金属工具、器具、利口器、餐匙、餐叉及其零件,414,多米尼克,8884.0
202502,82,第82章  贱金属工具、器具、利口器、餐匙、餐叉及其零件,417,库拉索 ,18135.0
202502,82,第82章  贱金属工具、器具、利口器、餐匙、餐叉及其零件,420,法属圭亚那,420.0
202502,82,第82章  贱金属工具、器具、利口器、餐匙、餐叉及其零件,424,圭亚那,295512.0
202502,82,第82章  贱金属工具、器具、利口器、餐匙、餐叉及其零件,425,海地,41807.0
202502,82,第82章  贱金属工具、器具、利口器、餐匙、餐叉及其零件,428,马提尼克,9058.0
202502,82,第82章  贱金属工具、器具、利口器、餐匙、餐叉及其零件,437,圣卢西亚,12926.0
202502,82,第82章  贱金属工具、器具、利口器、餐匙、餐叉及其零件,440,萨尔瓦多,421320.0
202502,82,第82章  贱金属工具、器具、利口器、餐匙、餐叉及其零件,441,苏里南,47917.0
202502,82,第82章  贱金属工具、器具、利口器、餐匙、餐叉及其零件,502,美国,260937367.0
202502,82,第82章  贱金属工具、器具、利口器、餐匙、餐叉及其零件,601,澳大利亚,20205464.0
202502,82,第82章  贱金属工具、器具、利口器、餐匙、餐叉及其零件,607,新喀里多尼亚,34444.0
202502,82,第82章  贱金属工具、器具、利口器、餐匙、餐叉及其零件,618,基里巴斯,760.0
202502,83,第83章  贱金属杂项制品,102,巴林,504016.0
202502,83,第83章  贱金属杂项制品,104,不丹,1605.0
202502,83,第83章  贱金属杂项制品,110,中国香港,19935236.0
202502,83,第83章  贱金属杂项制品,111,印度,32690441.0
202502,83,第83章  贱金属杂项制品,112,印度尼西亚,28408583.0
202502,83,第83章  贱金属杂项制品,113,伊朗,2112670.0
202502,83,第83章  贱金属杂项制品,116,日本,28608576.0
202502,83,第83章  贱金属杂项制品,119,老挝,416224.0
202502,83,第83章  贱金属杂项制品,120,黎巴嫩,1801797.0
202502,83,第83章  贱金属杂项制品,122,马来西亚,30601982.0
202502,83,第83章  贱金属杂项制品,125,尼泊尔,813088.0
202502,83,第83章  贱金属杂项制品,126,阿曼,2003892.0
202502,83,第83章  贱金属杂项制品,132,新加坡,29190474.0
202502,83,第83章  贱金属杂项制品,133,韩国,17228868.0
202502,83,第83章  贱金属杂项制品,135,叙利亚,175959.0
202502,83,第83章  贱金属杂项制品,136,泰国,31127753.0
202502,83,第83章  贱金属杂项制品,139,也门,1133195.0
202502,83,第83章  贱金属杂项制品,141,越南,77224715.0
202502,83,第83章  贱金属杂项制品,143,中国台湾,9417832.0
202502,83,第83章  贱金属杂项制品,145,哈萨克斯坦,9037980.0
202502,83,第83章  贱金属杂项制品,148,土库曼斯坦,835592.0
202502,83,第83章  贱金属杂项制品,149,乌兹别克斯坦,9811466.0
202502,83,第83章  贱金属杂项制品,150,格鲁吉亚,808294.0
202502,83,第83章  贱金属杂项制品,151,亚美尼亚,324918.0
202502,83,第83章  贱金属杂项制品,152,阿塞拜疆,3956922.0
202502,83,第83章  贱金属杂项制品,202,安哥拉,1143758.0
202502,83,第83章  贱金属杂项制品,204,博茨瓦纳,25758.0
202502,83,第83章  贱金属杂项制品,205,布隆迪,44279.0
202502,83,第83章  贱金属杂项制品,206,喀麦隆,2647024.0
202502,83,第83章  贱金属杂项制品,212,科摩罗,34131.0
202502,83,第83章  贱金属杂项制品,217,埃塞俄比亚,517641.0
202502,83,第83章  贱金属杂项制品,218,加蓬,113271.0
202502,83,第83章  贱金属杂项制品,221,几内亚,884309.0
202502,83,第83章  贱金属杂项制品,223,科特迪瓦,1793943.0
202502,83,第83章  贱金属杂项制品,225,利比里亚,806588.0
202502,83,第83章  贱金属杂项制品,230,毛里塔尼亚,478013.0
202502,83,第83章  贱金属杂项制品,231,毛里求斯,258887.0
202502,83,第83章  贱金属杂项制品,234,纳米比亚,150203.0
202502,83,第83章  贱金属杂项制品,237,留尼汪,117169.0
202502,83,第83章  贱金属杂项制品,240,塞内加尔,1925153.0
202502,83,第83章  贱金属杂项制品,242,塞拉利昂,178108.0
202502,83,第83章  贱金属杂项制品,243,索马里,313735.0
202502,83,第83章  贱金属杂项制品,249,突尼斯,2333787.0
202502,83,第83章  贱金属杂项制品,259,马约特,47655.0
202502,83,第83章  贱金属杂项制品,260,南苏丹,13879.0
202502,83,第83章  贱金属杂项制品,303,英国,28473301.0
202502,83,第83章  贱金属杂项制品,304,德国,33177179.0
202502,83,第83章  贱金属杂项制品,324,马耳他,245807.0
202502,83,第83章  贱金属杂项制品,344,俄罗斯,31999408.0
202502,83,第83章  贱金属杂项制品,351,克罗地亚,576719.0
202502,83,第83章  贱金属杂项制品,358,塞尔维亚,822228.0
202502,83,第83章  贱金属杂项制品,401,安提瓜和巴布达,55062.0
202502,83,第83章  贱金属杂项制品,403,阿鲁巴,28992.0
202502,83,第83章  贱金属杂项制品,414,多米尼克,7172.0
202502,83,第83章  贱金属杂项制品,417,库拉索 ,12716.0
202502,83,第83章  贱金属杂项制品,420,法属圭亚那,59.0
202502,83,第83章  贱金属杂项制品,421,格林纳达,2971.0
202502,83,第83章  贱金属杂项制品,424,圭亚那,345273.0
202502,83,第83章  贱金属杂项制品,425,海地,109542.0
202502,83,第83章  贱金属杂项制品,428,马提尼克,439.0
202502,83,第83章  贱金属杂项制品,437,圣卢西亚,668.0
202502,83,第83章  贱金属杂项制品,440,萨尔瓦多,814106.0
202502,83,第83章  贱金属杂项制品,441,苏里南,47427.0
202502,83,第83章  贱金属杂项制品,502,美国,234561493.0
202502,83,第83章  贱金属杂项制品,601,澳大利亚,20524471.0
202502,83,第83章  贱金属杂项制品,607,新喀里多尼亚,1949.0
202502,83,第83章  贱金属杂项制品,618,基里巴斯,235.0
202502,84,第84章  核反应堆、锅炉、机器、机械器具及零件,102,巴林,10480189.0
202502,84,第84章  核反应堆、锅炉、机器、机械器具及零件,104,不丹,79652.0
202502,84,第84章  核反应堆、锅炉、机器、机械器具及零件,110,中国香港,2588714896.0
202502,84,第84章  核反应堆、锅炉、机器、机械器具及零件,111,印度,1697403012.0
202502,84,第84章  核反应堆、锅炉、机器、机械器具及零件,112,印度尼西亚,953068276.0
202502,84,第84章  核反应堆、锅炉、机器、机械器具及零件,113,伊朗,91556122.0
202502,84,第84章  核反应堆、锅炉、机器、机械器具及零件,116,日本,2011675488.0
202502,84,第84章  核反应堆、锅炉、机器、机械器具及零件,119,老挝,30816167.0
202502,84,第84章  核反应堆、锅炉、机器、机械器具及零件,120,黎巴嫩,16205922.0
202502,84,第84章  核反应堆、锅炉、机器、机械器具及零件,122,马来西亚,688900256.0
202502,84,第84章  核反应堆、锅炉、机器、机械器具及零件,125,尼泊尔,11370547.0
202502,84,第84章  核反应堆、锅炉、机器、机械器具及零件,126,阿曼,83567156.0
202502,84,第84章  核反应堆、锅炉、机器、机械器具及零件,132,新加坡,695144538.0
202502,84,第84章  核反应堆、锅炉、机器、机械器具及零件,133,韩国,1152178912.0
202502,84,第84章  核反应堆、锅炉、机器、机械器具及零件,135,叙利亚,3957096.0
202502,84,第84章  核反应堆、锅炉、机器、机械器具及零件,136,泰国,992545593.0
202502,84,第84章  核反应堆、锅炉、机器、机械器具及零件,139,也门,20274994.0
202502,84,第84章  核反应堆、锅炉、机器、机械器具及零件,141,越南,1201217372.0
202502,84,第84章  核反应堆、锅炉、机器、机械器具及零件,143,中国台湾,860238665.0
202502,84,第84章  核反应堆、锅炉、机器、机械器具及零件,145,哈萨克斯坦,284329905.0
202502,84,第84章  核反应堆、锅炉、机器、机械器具及零件,148,土库曼斯坦,24531456.0
202502,84,第84章  核反应堆、锅炉、机器、机械器具及零件,149,乌兹别克斯坦,212109602.0
202502,84,第84章  核反应堆、锅炉、机器、机械器具及零件,150,格鲁吉亚,38739022.0
202502,84,第84章  核反应堆、锅炉、机器、机械器具及零件,151,亚美尼亚,17328311.0
202502,84,第84章  核反应堆、锅炉、机器、机械器具及零件,152,阿塞拜疆,26611924.0
202502,84,第84章  核反应堆、锅炉、机器、机械器具及零件,202,安哥拉,37268639.0
202502,84,第84章  核反应堆、锅炉、机器、机械器具及零件,204,博茨瓦纳,2516540.0
202502,84,第84章  核反应堆、锅炉、机器、机械器具及零件,205,布隆迪,2814636.0
202502,84,第84章  核反应堆、锅炉、机器、机械器具及零件,206,喀麦隆,32273247.0
202502,84,第84章  核反应堆、锅炉、机器、机械器具及零件,212,科摩罗,722635.0
202502,84,第84章  核反应堆、锅炉、机器、机械器具及零件,217,埃塞俄比亚,28076924.0
202502,84,第84章  核反应堆、锅炉、机器、机械器具及零件,218,加蓬,9183131.0
202502,84,第84章  核反应堆、锅炉、机器、机械器具及零件,221,几内亚,78866545.0
202502,84,第84章  核反应堆、锅炉、机器、机械器具及零件,223,科特迪瓦,43816112.0
202502,84,第84章  核反应堆、锅炉、机器、机械器具及零件,225,利比里亚,85790562.0
202502,84,第84章  核反应堆、锅炉、机器、机械器具及零件,230,毛里塔尼亚,4672149.0
202502,84,第84章  核反应堆、锅炉、机器、机械器具及零件,231,毛里求斯,5330351.0
202502,84,第84章  核反应堆、锅炉、机器、机械器具及零件,234,纳米比亚,2622402.0
202502,84,第84章  核反应堆、锅炉、机器、机械器具及零件,237,留尼汪,1843449.0
202502,84,第84章  核反应堆、锅炉、机器、机械器具及零件,240,塞内加尔,25161115.0
202502,84,第84章  核反应堆、锅炉、机器、机械器具及零件,242,塞拉利昂,7185915.0
202502,84,第84章  核反应堆、锅炉、机器、机械器具及零件,243,索马里,4458729.0
202502,84,第84章  核反应堆、锅炉、机器、机械器具及零件,249,突尼斯,23120988.0
202502,84,第84章  核反应堆、锅炉、机器、机械器具及零件,259,马约特,287572.0
202502,84,第84章  核反应堆、锅炉、机器、机械器具及零件,260,南苏丹,1257011.0
202502,84,第84章  核反应堆、锅炉、机器、机械器具及零件,303,英国,759724638.0
202502,84,第84章  核反应堆、锅炉、机器、机械器具及零件,304,德国,1355343777.0
202502,84,第84章  核反应堆、锅炉、机器、机械器具及零件,324,马耳他,11032754.0
202502,84,第84章  核反应堆、锅炉、机器、机械器具及零件,344,俄罗斯,1738039537.0
202502,84,第84章  核反应堆、锅炉、机器、机械器具及零件,351,克罗地亚,43681943.0
202502,84,第84章  核反应堆、锅炉、机器、机械器具及零件,358,塞尔维亚,123884447.0
202502,84,第84章  核反应堆、锅炉、机器、机械器具及零件,401,安提瓜和巴布达,3548960.0
202502,84,第84章  核反应堆、锅炉、机器、机械器具及零件,403,阿鲁巴,478920.0
202502,84,第84章  核反应堆、锅炉、机器、机械器具及零件,414,多米尼克,739647.0
202502,84,第84章  核反应堆、锅炉、机器、机械器具及零件,417,库拉索 ,697589.0
202502,84,第84章  核反应堆、锅炉、机器、机械器具及零件,420,法属圭亚那,327799.0
202502,84,第84章  核反应堆、锅炉、机器、机械器具及零件,421,格林纳达,100616.0
202502,84,第84章  核反应堆、锅炉、机器、机械器具及零件,424,圭亚那,17617487.0
202502,84,第84章  核反应堆、锅炉、机器、机械器具及零件,425,海地,1362841.0
202502,84,第84章  核反应堆、锅炉、机器、机械器具及零件,428,马提尼克,659790.0
202502,84,第84章  核反应堆、锅炉、机器、机械器具及零件,437,圣卢西亚,454664.0
202502,84,第84章  核反应堆、锅炉、机器、机械器具及零件,440,萨尔瓦多,26241524.0
202502,84,第84章  核反应堆、锅炉、机器、机械器具及零件,441,苏里南,3540625.0
202502,84,第84章  核反应堆、锅炉、机器、机械器具及零件,502,美国,5599426198.0
202502,84,第84章  核反应堆、锅炉、机器、机械器具及零件,601,澳大利亚,616056038.0
202502,84,第84章  核反应堆、锅炉、机器、机械器具及零件,607,新喀里多尼亚,339489.0
202502,84,第84章  核反应堆、锅炉、机器、机械器具及零件,618,基里巴斯,80929.0
202502,85,第85章  电机、电气设备及其零件；录音机及放声机、电视图像、声音的录制和重放设备及其零件、附件,102,巴林,8648960.0
202502,85,第85章  电机、电气设备及其零件；录音机及放声机、电视图像、声音的录制和重放设备及其零件、附件,104,不丹,1199582.0
202502,85,第85章  电机、电气设备及其零件；录音机及放声机、电视图像、声音的录制和重放设备及其零件、附件,110,中国香港,10052653825.0
202502,85,第85章  电机、电气设备及其零件；录音机及放声机、电视图像、声音的录制和重放设备及其零件、附件,111,印度,3638853730.0
202502,85,第85章  电机、电气设备及其零件；录音机及放声机、电视图像、声音的录制和重放设备及其零件、附件,112,印度尼西亚,944256282.0
202502,85,第85章  电机、电气设备及其零件；录音机及放声机、电视图像、声音的录制和重放设备及其零件、附件,113,伊朗,50454896.0
202502,85,第85章  电机、电气设备及其零件；录音机及放声机、电视图像、声音的录制和重放设备及其零件、附件,116,日本,2415420216.0
202502,85,第85章  电机、电气设备及其零件；录音机及放声机、电视图像、声音的录制和重放设备及其零件、附件,119,老挝,29985473.0
202502,85,第85章  电机、电气设备及其零件；录音机及放声机、电视图像、声音的录制和重放设备及其零件、附件,120,黎巴嫩,12617243.0
202502,85,第85章  电机、电气设备及其零件；录音机及放声机、电视图像、声音的录制和重放设备及其零件、附件,122,马来西亚,1700516293.0
202502,85,第85章  电机、电气设备及其零件；录音机及放声机、电视图像、声音的录制和重放设备及其零件、附件,125,尼泊尔,20571946.0
202502,85,第85章  电机、电气设备及其零件；录音机及放声机、电视图像、声音的录制和重放设备及其零件、附件,126,阿曼,41300103.0
202502,85,第85章  电机、电气设备及其零件；录音机及放声机、电视图像、声音的录制和重放设备及其零件、附件,132,新加坡,959800629.0
202502,85,第85章  电机、电气设备及其零件；录音机及放声机、电视图像、声音的录制和重放设备及其零件、附件,133,韩国,2982200351.0
202502,85,第85章  电机、电气设备及其零件；录音机及放声机、电视图像、声音的录制和重放设备及其零件、附件,135,叙利亚,1536100.0
202502,85,第85章  电机、电气设备及其零件；录音机及放声机、电视图像、声音的录制和重放设备及其零件、附件,136,泰国,1529977249.0
202502,85,第85章  电机、电气设备及其零件；录音机及放声机、电视图像、声音的录制和重放设备及其零件、附件,139,也门,17758594.0
202502,85,第85章  电机、电气设备及其零件；录音机及放声机、电视图像、声音的录制和重放设备及其零件、附件,141,越南,5047573488.0
202502,85,第85章  电机、电气设备及其零件；录音机及放声机、电视图像、声音的录制和重放设备及其零件、附件,143,中国台湾,2540549281.0
202502,85,第85章  电机、电气设备及其零件；录音机及放声机、电视图像、声音的录制和重放设备及其零件、附件,145,哈萨克斯坦,186084886.0
202502,85,第85章  电机、电气设备及其零件；录音机及放声机、电视图像、声音的录制和重放设备及其零件、附件,148,土库曼斯坦,5398892.0
202502,85,第85章  电机、电气设备及其零件；录音机及放声机、电视图像、声音的录制和重放设备及其零件、附件,149,乌兹别克斯坦,125004568.0
202502,85,第85章  电机、电气设备及其零件；录音机及放声机、电视图像、声音的录制和重放设备及其零件、附件,150,格鲁吉亚,18310233.0
202502,85,第85章  电机、电气设备及其零件；录音机及放声机、电视图像、声音的录制和重放设备及其零件、附件,151,亚美尼亚,19200669.0
202502,85,第85章  电机、电气设备及其零件；录音机及放声机、电视图像、声音的录制和重放设备及其零件、附件,152,阿塞拜疆,17354660.0
202502,85,第85章  电机、电气设备及其零件；录音机及放声机、电视图像、声音的录制和重放设备及其零件、附件,202,安哥拉,37384225.0
202502,85,第85章  电机、电气设备及其零件；录音机及放声机、电视图像、声音的录制和重放设备及其零件、附件,204,博茨瓦纳,1686810.0
202502,85,第85章  电机、电气设备及其零件；录音机及放声机、电视图像、声音的录制和重放设备及其零件、附件,205,布隆迪,2254710.0
202502,85,第85章  电机、电气设备及其零件；录音机及放声机、电视图像、声音的录制和重放设备及其零件、附件,206,喀麦隆,38491200.0
202502,85,第85章  电机、电气设备及其零件；录音机及放声机、电视图像、声音的录制和重放设备及其零件、附件,212,科摩罗,151721.0
202502,85,第85章  电机、电气设备及其零件；录音机及放声机、电视图像、声音的录制和重放设备及其零件、附件,217,埃塞俄比亚,23902025.0
202502,85,第85章  电机、电气设备及其零件；录音机及放声机、电视图像、声音的录制和重放设备及其零件、附件,218,加蓬,2262693.0
202502,85,第85章  电机、电气设备及其零件；录音机及放声机、电视图像、声音的录制和重放设备及其零件、附件,221,几内亚,59245037.0
202502,85,第85章  电机、电气设备及其零件；录音机及放声机、电视图像、声音的录制和重放设备及其零件、附件,223,科特迪瓦,42179566.0
202502,85,第85章  电机、电气设备及其零件；录音机及放声机、电视图像、声音的录制和重放设备及其零件、附件,225,利比里亚,14857471.0
202502,85,第85章  电机、电气设备及其零件；录音机及放声机、电视图像、声音的录制和重放设备及其零件、附件,230,毛里塔尼亚,5076761.0
202502,85,第85章  电机、电气设备及其零件；录音机及放声机、电视图像、声音的录制和重放设备及其零件、附件,231,毛里求斯,3749900.0
202502,85,第85章  电机、电气设备及其零件；录音机及放声机、电视图像、声音的录制和重放设备及其零件、附件,234,纳米比亚,3480997.0
202502,85,第85章  电机、电气设备及其零件；录音机及放声机、电视图像、声音的录制和重放设备及其零件、附件,237,留尼汪,1317595.0
202502,85,第85章  电机、电气设备及其零件；录音机及放声机、电视图像、声音的录制和重放设备及其零件、附件,240,塞内加尔,21843394.0
202502,85,第85章  电机、电气设备及其零件；录音机及放声机、电视图像、声音的录制和重放设备及其零件、附件,242,塞拉利昂,3432229.0
202502,85,第85章  电机、电气设备及其零件；录音机及放声机、电视图像、声音的录制和重放设备及其零件、附件,243,索马里,4128343.0
202502,85,第85章  电机、电气设备及其零件；录音机及放声机、电视图像、声音的录制和重放设备及其零件、附件,249,突尼斯,28499464.0
202502,85,第85章  电机、电气设备及其零件；录音机及放声机、电视图像、声音的录制和重放设备及其零件、附件,259,马约特,130626.0
202502,85,第85章  电机、电气设备及其零件；录音机及放声机、电视图像、声音的录制和重放设备及其零件、附件,260,南苏丹,1146977.0
202502,85,第85章  电机、电气设备及其零件；录音机及放声机、电视图像、声音的录制和重放设备及其零件、附件,303,英国,1052150703.0
202502,85,第85章  电机、电气设备及其零件；录音机及放声机、电视图像、声音的录制和重放设备及其零件、附件,304,德国,2142915586.0
202502,85,第85章  电机、电气设备及其零件；录音机及放声机、电视图像、声音的录制和重放设备及其零件、附件,324,马耳他,5830220.0
202502,85,第85章  电机、电气设备及其零件；录音机及放声机、电视图像、声音的录制和重放设备及其零件、附件,344,俄罗斯,835266096.0
202502,85,第85章  电机、电气设备及其零件；录音机及放声机、电视图像、声音的录制和重放设备及其零件、附件,351,克罗地亚,27613118.0
202502,85,第85章  电机、电气设备及其零件；录音机及放声机、电视图像、声音的录制和重放设备及其零件、附件,358,塞尔维亚,68934184.0
202502,85,第85章  电机、电气设备及其零件；录音机及放声机、电视图像、声音的录制和重放设备及其零件、附件,401,安提瓜和巴布达,86016.0
202502,85,第85章  电机、电气设备及其零件；录音机及放声机、电视图像、声音的录制和重放设备及其零件、附件,403,阿鲁巴,471420.0
202502,85,第85章  电机、电气设备及其零件；录音机及放声机、电视图像、声音的录制和重放设备及其零件、附件,414,多米尼克,283540.0
202502,85,第85章  电机、电气设备及其零件；录音机及放声机、电视图像、声音的录制和重放设备及其零件、附件,417,库拉索 ,590638.0
202502,85,第85章  电机、电气设备及其零件；录音机及放声机、电视图像、声音的录制和重放设备及其零件、附件,420,法属圭亚那,159914.0
202502,85,第85章  电机、电气设备及其零件；录音机及放声机、电视图像、声音的录制和重放设备及其零件、附件,421,格林纳达,175049.0
202502,85,第85章  电机、电气设备及其零件；录音机及放声机、电视图像、声音的录制和重放设备及其零件、附件,424,圭亚那,7593637.0
202502,85,第85章  电机、电气设备及其零件；录音机及放声机、电视图像、声音的录制和重放设备及其零件、附件,425,海地,2157260.0
202502,85,第85章  电机、电气设备及其零件；录音机及放声机、电视图像、声音的录制和重放设备及其零件、附件,428,马提尼克,435200.0
202502,85,第85章  电机、电气设备及其零件；录音机及放声机、电视图像、声音的录制和重放设备及其零件、附件,437,圣卢西亚,100294.0
202502,85,第85章  电机、电气设备及其零件；录音机及放声机、电视图像、声音的录制和重放设备及其零件、附件,440,萨尔瓦多,8715948.0
202502,85,第85章  电机、电气设备及其零件；录音机及放声机、电视图像、声音的录制和重放设备及其零件、附件,441,苏里南,1329034.0
202502,85,第85章  电机、电气设备及其零件；录音机及放声机、电视图像、声音的录制和重放设备及其零件、附件,502,美国,6659742339.0
202502,85,第85章  电机、电气设备及其零件；录音机及放声机、电视图像、声音的录制和重放设备及其零件、附件,601,澳大利亚,620278048.0
202502,85,第85章  电机、电气设备及其零件；录音机及放声机、电视图像、声音的录制和重放设备及其零件、附件,607,新喀里多尼亚,728618.0
202502,85,第85章  电机、电气设备及其零件；录音机及放声机、电视图像、声音的录制和重放设备及其零件、附件,618,基里巴斯,36130.0
202502,86,第86章  铁道及电车道机车、车辆及其零件；铁道及电车道轨道固定装置及其零件；附件；各种机械（包括电动机械）交通信号设备,110,中国香港,279398003.0
202502,86,第86章  铁道及电车道机车、车辆及其零件；铁道及电车道轨道固定装置及其零件；附件；各种机械（包括电动机械）交通信号设备,111,印度,24326720.0
202502,86,第86章  铁道及电车道机车、车辆及其零件；铁道及电车道轨道固定装置及其零件；附件；各种机械（包括电动机械）交通信号设备,112,印度尼西亚,36246376.0
202502,86,第86章  铁道及电车道机车、车辆及其零件；铁道及电车道轨道固定装置及其零件；附件；各种机械（包括电动机械）交通信号设备,113,伊朗,984.0
202502,86,第86章  铁道及电车道机车、车辆及其零件；铁道及电车道轨道固定装置及其零件；附件；各种机械（包括电动机械）交通信号设备,116,日本,42469774.0
202502,86,第86章  铁道及电车道机车、车辆及其零件；铁道及电车道轨道固定装置及其零件；附件；各种机械（包括电动机械）交通信号设备,119,老挝,20369.0
202502,86,第86章  铁道及电车道机车、车辆及其零件；铁道及电车道轨道固定装置及其零件；附件；各种机械（包括电动机械）交通信号设备,120,黎巴嫩,35160.0
202502,86,第86章  铁道及电车道机车、车辆及其零件；铁道及电车道轨道固定装置及其零件；附件；各种机械（包括电动机械）交通信号设备,122,马来西亚,15043718.0
202502,86,第86章  铁道及电车道机车、车辆及其零件；铁道及电车道轨道固定装置及其零件；附件；各种机械（包括电动机械）交通信号设备,132,新加坡,106975068.0
202502,86,第86章  铁道及电车道机车、车辆及其零件；铁道及电车道轨道固定装置及其零件；附件；各种机械（包括电动机械）交通信号设备,133,韩国,30371057.0
202502,86,第86章  铁道及电车道机车、车辆及其零件；铁道及电车道轨道固定装置及其零件；附件；各种机械（包括电动机械）交通信号设备,136,泰国,1232317.0
202502,86,第86章  铁道及电车道机车、车辆及其零件；铁道及电车道轨道固定装置及其零件；附件；各种机械（包括电动机械）交通信号设备,141,越南,1133156.0
202502,86,第86章  铁道及电车道机车、车辆及其零件；铁道及电车道轨道固定装置及其零件；附件；各种机械（包括电动机械）交通信号设备,143,中国台湾,18325914.0
202502,86,第86章  铁道及电车道机车、车辆及其零件；铁道及电车道轨道固定装置及其零件；附件；各种机械（包括电动机械）交通信号设备,145,哈萨克斯坦,5007147.0
202502,86,第86章  铁道及电车道机车、车辆及其零件；铁道及电车道轨道固定装置及其零件；附件；各种机械（包括电动机械）交通信号设备,148,土库曼斯坦,79328.0
202502,86,第86章  铁道及电车道机车、车辆及其零件；铁道及电车道轨道固定装置及其零件；附件；各种机械（包括电动机械）交通信号设备,149,乌兹别克斯坦,215885.0
202502,86,第86章  铁道及电车道机车、车辆及其零件；铁道及电车道轨道固定装置及其零件；附件；各种机械（包括电动机械）交通信号设备,150,格鲁吉亚,40107.0
202502,86,第86章  铁道及电车道机车、车辆及其零件；铁道及电车道轨道固定装置及其零件；附件；各种机械（包括电动机械）交通信号设备,151,亚美尼亚,10824.0
202502,86,第86章  铁道及电车道机车、车辆及其零件；铁道及电车道轨道固定装置及其零件；附件；各种机械（包括电动机械）交通信号设备,152,阿塞拜疆,37000.0
202502,86,第86章  铁道及电车道机车、车辆及其零件；铁道及电车道轨道固定装置及其零件；附件；各种机械（包括电动机械）交通信号设备,202,安哥拉,67409.0
202502,86,第86章  铁道及电车道机车、车辆及其零件；铁道及电车道轨道固定装置及其零件；附件；各种机械（包括电动机械）交通信号设备,206,喀麦隆,193259.0
202502,86,第86章  铁道及电车道机车、车辆及其零件；铁道及电车道轨道固定装置及其零件；附件；各种机械（包括电动机械）交通信号设备,217,埃塞俄比亚,65393.0
202502,86,第86章  铁道及电车道机车、车辆及其零件；铁道及电车道轨道固定装置及其零件；附件；各种机械（包括电动机械）交通信号设备,218,加蓬,7547200.0
202502,86,第86章  铁道及电车道机车、车辆及其零件；铁道及电车道轨道固定装置及其零件；附件；各种机械（包括电动机械）交通信号设备,221,几内亚,2184620.0
202502,86,第86章  铁道及电车道机车、车辆及其零件；铁道及电车道轨道固定装置及其零件；附件；各种机械（包括电动机械）交通信号设备,223,科特迪瓦,382516.0
202502,86,第86章  铁道及电车道机车、车辆及其零件；铁道及电车道轨道固定装置及其零件；附件；各种机械（包括电动机械）交通信号设备,230,毛里塔尼亚,324446.0
202502,86,第86章  铁道及电车道机车、车辆及其零件；铁道及电车道轨道固定装置及其零件；附件；各种机械（包括电动机械）交通信号设备,234,纳米比亚,95501.0
202502,86,第86章  铁道及电车道机车、车辆及其零件；铁道及电车道轨道固定装置及其零件；附件；各种机械（包括电动机械）交通信号设备,237,留尼汪,27249.0
202502,86,第86章  铁道及电车道机车、车辆及其零件；铁道及电车道轨道固定装置及其零件；附件；各种机械（包括电动机械）交通信号设备,240,塞内加尔,316.0
202502,86,第86章  铁道及电车道机车、车辆及其零件；铁道及电车道轨道固定装置及其零件；附件；各种机械（包括电动机械）交通信号设备,242,塞拉利昂,82415.0
202502,86,第86章  铁道及电车道机车、车辆及其零件；铁道及电车道轨道固定装置及其零件；附件；各种机械（包括电动机械）交通信号设备,243,索马里,864.0
202502,86,第86章  铁道及电车道机车、车辆及其零件；铁道及电车道轨道固定装置及其零件；附件；各种机械（包括电动机械）交通信号设备,249,突尼斯,2394.0
202502,86,第86章  铁道及电车道机车、车辆及其零件；铁道及电车道轨道固定装置及其零件；附件；各种机械（包括电动机械）交通信号设备,260,南苏丹,7031.0
202502,86,第86章  铁道及电车道机车、车辆及其零件；铁道及电车道轨道固定装置及其零件；附件；各种机械（包括电动机械）交通信号设备,303,英国,19948749.0
202502,86,第86章  铁道及电车道机车、车辆及其零件；铁道及电车道轨道固定装置及其零件；附件；各种机械（包括电动机械）交通信号设备,304,德国,38101861.0
202502,86,第86章  铁道及电车道机车、车辆及其零件；铁道及电车道轨道固定装置及其零件；附件；各种机械（包括电动机械）交通信号设备,344,俄罗斯,10497091.0
202502,86,第86章  铁道及电车道机车、车辆及其零件；铁道及电车道轨道固定装置及其零件；附件；各种机械（包括电动机械）交通信号设备,351,克罗地亚,3010.0
202502,86,第86章  铁道及电车道机车、车辆及其零件；铁道及电车道轨道固定装置及其零件；附件；各种机械（包括电动机械）交通信号设备,358,塞尔维亚,1103373.0
202502,86,第86章  铁道及电车道机车、车辆及其零件；铁道及电车道轨道固定装置及其零件；附件；各种机械（包括电动机械）交通信号设备,425,海地,19850.0
202502,86,第86章  铁道及电车道机车、车辆及其零件；铁道及电车道轨道固定装置及其零件；附件；各种机械（包括电动机械）交通信号设备,502,美国,166723171.0
202502,86,第86章  铁道及电车道机车、车辆及其零件；铁道及电车道轨道固定装置及其零件；附件；各种机械（包括电动机械）交通信号设备,601,澳大利亚,8821395.0
202502,87,第87章  车辆及其零件、附件，但铁道及电车道车辆除外,102,巴林,17254850.0
202502,87,第87章  车辆及其零件、附件，但铁道及电车道车辆除外,104,不丹,243.0
202502,87,第87章  车辆及其零件、附件，但铁道及电车道车辆除外,110,中国香港,82068040.0
202502,87,第87章  车辆及其零件、附件，但铁道及电车道车辆除外,111,印度,151933859.0
202502,87,第87章  车辆及其零件、附件，但铁道及电车道车辆除外,112,印度尼西亚,277588542.0
202502,87,第87章  车辆及其零件、附件，但铁道及电车道车辆除外,113,伊朗,132026651.0
202502,87,第87章  车辆及其零件、附件，但铁道及电车道车辆除外,116,日本,410963486.0
202502,87,第87章  车辆及其零件、附件，但铁道及电车道车辆除外,119,老挝,22239625.0
202502,87,第87章  车辆及其零件、附件，但铁道及电车道车辆除外,120,黎巴嫩,8902670.0
202502,87,第87章  车辆及其零件、附件，但铁道及电车道车辆除外,122,马来西亚,221105146.0
202502,87,第87章  车辆及其零件、附件，但铁道及电车道车辆除外,125,尼泊尔,15707615.0
202502,87,第87章  车辆及其零件、附件，但铁道及电车道车辆除外,126,阿曼,30435173.0
202502,87,第87章  车辆及其零件、附件，但铁道及电车道车辆除外,132,新加坡,66503213.0
202502,87,第87章  车辆及其零件、附件，但铁道及电车道车辆除外,133,韩国,321362254.0
202502,87,第87章  车辆及其零件、附件，但铁道及电车道车辆除外,135,叙利亚,1376285.0
202502,87,第87章  车辆及其零件、附件，但铁道及电车道车辆除外,136,泰国,294298948.0
202502,87,第87章  车辆及其零件、附件，但铁道及电车道车辆除外,139,也门,8620160.0
202502,87,第87章  车辆及其零件、附件，但铁道及电车道车辆除外,141,越南,250937549.0
202502,87,第87章  车辆及其零件、附件，但铁道及电车道车辆除外,143,中国台湾,61345465.0
202502,87,第87章  车辆及其零件、附件，但铁道及电车道车辆除外,145,哈萨克斯坦,230653223.0
202502,87,第87章  车辆及其零件、附件，但铁道及电车道车辆除外,148,土库曼斯坦,10243333.0
202502,87,第87章  车辆及其零件、附件，但铁道及电车道车辆除外,149,乌兹别克斯坦,130187998.0
202502,87,第87章  车辆及其零件、附件，但铁道及电车道车辆除外,150,格鲁吉亚,4912933.0
202502,87,第87章  车辆及其零件、附件，但铁道及电车道车辆除外,151,亚美尼亚,23716587.0
202502,87,第87章  车辆及其零件、附件，但铁道及电车道车辆除外,152,阿塞拜疆,47091161.0
202502,87,第87章  车辆及其零件、附件，但铁道及电车道车辆除外,202,安哥拉,22530106.0
202502,87,第87章  车辆及其零件、附件，但铁道及电车道车辆除外,204,博茨瓦纳,1257318.0
202502,87,第87章  车辆及其零件、附件，但铁道及电车道车辆除外,205,布隆迪,349555.0
202502,87,第87章  车辆及其零件、附件，但铁道及电车道车辆除外,206,喀麦隆,42081510.0
202502,87,第87章  车辆及其零件、附件，但铁道及电车道车辆除外,212,科摩罗,323883.0
202502,87,第87章  车辆及其零件、附件，但铁道及电车道车辆除外,217,埃塞俄比亚,3844513.0
202502,87,第87章  车辆及其零件、附件，但铁道及电车道车辆除外,218,加蓬,3661458.0
202502,87,第87章  车辆及其零件、附件，但铁道及电车道车辆除外,221,几内亚,27484198.0
202502,87,第87章  车辆及其零件、附件，但铁道及电车道车辆除外,223,科特迪瓦,37846568.0
202502,87,第87章  车辆及其零件、附件，但铁道及电车道车辆除外,225,利比里亚,2052884.0
202502,87,第87章  车辆及其零件、附件，但铁道及电车道车辆除外,230,毛里塔尼亚,2371687.0
202502,87,第87章  车辆及其零件、附件，但铁道及电车道车辆除外,231,毛里求斯,3019561.0
202502,87,第87章  车辆及其零件、附件，但铁道及电车道车辆除外,234,纳米比亚,607287.0
202502,87,第87章  车辆及其零件、附件，但铁道及电车道车辆除外,237,留尼汪,256093.0
202502,87,第87章  车辆及其零件、附件，但铁道及电车道车辆除外,240,塞内加尔,14198882.0
202502,87,第87章  车辆及其零件、附件，但铁道及电车道车辆除外,242,塞拉利昂,3980957.0
202502,87,第87章  车辆及其零件、附件，但铁道及电车道车辆除外,243,索马里,3946251.0
202502,87,第87章  车辆及其零件、附件，但铁道及电车道车辆除外,249,突尼斯,9727407.0
202502,87,第87章  车辆及其零件、附件，但铁道及电车道车辆除外,259,马约特,50767.0
202502,87,第87章  车辆及其零件、附件，但铁道及电车道车辆除外,260,南苏丹,310462.0
202502,87,第87章  车辆及其零件、附件，但铁道及电车道车辆除外,303,英国,463725971.0
202502,87,第87章  车辆及其零件、附件，但铁道及电车道车辆除外,304,德国,315362132.0
202502,87,第87章  车辆及其零件、附件，但铁道及电车道车辆除外,324,马耳他,422571.0
202502,87,第87章  车辆及其零件、附件，但铁道及电车道车辆除外,344,俄罗斯,550391409.0
202502,87,第87章  车辆及其零件、附件，但铁道及电车道车辆除外,351,克罗地亚,9450798.0
202502,87,第87章  车辆及其零件、附件，但铁道及电车道车辆除外,358,塞尔维亚,9392428.0
202502,87,第87章  车辆及其零件、附件，但铁道及电车道车辆除外,401,安提瓜和巴布达,614963.0
202502,87,第87章  车辆及其零件、附件，但铁道及电车道车辆除外,403,阿鲁巴,1523351.0
202502,87,第87章  车辆及其零件、附件，但铁道及电车道车辆除外,414,多米尼克,243333.0
202502,87,第87章  车辆及其零件、附件，但铁道及电车道车辆除外,417,库拉索 ,2332956.0
202502,87,第87章  车辆及其零件、附件，但铁道及电车道车辆除外,420,法属圭亚那,35784.0
202502,87,第87章  车辆及其零件、附件，但铁道及电车道车辆除外,421,格林纳达,616915.0
202502,87,第87章  车辆及其零件、附件，但铁道及电车道车辆除外,424,圭亚那,7975436.0
202502,87,第87章  车辆及其零件、附件，但铁道及电车道车辆除外,425,海地,1992205.0
202502,87,第87章  车辆及其零件、附件，但铁道及电车道车辆除外,428,马提尼克,1564.0
202502,87,第87章  车辆及其零件、附件，但铁道及电车道车辆除外,437,圣卢西亚,486368.0
202502,87,第87章  车辆及其零件、附件，但铁道及电车道车辆除外,440,萨尔瓦多,11392368.0
202502,87,第87章  车辆及其零件、附件，但铁道及电车道车辆除外,441,苏里南,3559915.0
202502,87,第87章  车辆及其零件、附件，但铁道及电车道车辆除外,502,美国,1120785146.0
202502,87,第87章  车辆及其零件、附件，但铁道及电车道车辆除外,601,澳大利亚,299895121.0
202502,87,第87章  车辆及其零件、附件，但铁道及电车道车辆除外,607,新喀里多尼亚,38154.0
202502,87,第87章  车辆及其零件、附件，但铁道及电车道车辆除外,618,基里巴斯,66501.0
202502,88,第88章  航空器、航天器及其零件,110,中国香港,31828486.0
202502,88,第88章  航空器、航天器及其零件,111,印度,91952.0
202502,88,第88章  航空器、航天器及其零件,112,印度尼西亚,3750378.0
202502,88,第88章  航空器、航天器及其零件,113,伊朗,302600.0
202502,88,第88章  航空器、航天器及其零件,116,日本,4349689.0
202502,88,第88章  航空器、航天器及其零件,120,黎巴嫩,278.0
202502,88,第88章  航空器、航天器及其零件,122,马来西亚,7790484.0
202502,88,第88章  航空器、航天器及其零件,125,尼泊尔,193.0
202502,88,第88章  航空器、航天器及其零件,126,阿曼,3208.0
202502,88,第88章  航空器、航天器及其零件,132,新加坡,1073785.0
202502,88,第88章  航空器、航天器及其零件,133,韩国,3994804.0
202502,88,第88章  航空器、航天器及其零件,136,泰国,10366450.0
202502,88,第88章  航空器、航天器及其零件,141,越南,3238879.0
202502,88,第88章  航空器、航天器及其零件,143,中国台湾,2205734.0
202502,88,第88章  航空器、航天器及其零件,145,哈萨克斯坦,138799.0
202502,88,第88章  航空器、航天器及其零件,149,乌兹别克斯坦,87964.0
202502,88,第88章  航空器、航天器及其零件,150,格鲁吉亚,14.0
202502,88,第88章  航空器、航天器及其零件,151,亚美尼亚,578.0
202502,88,第88章  航空器、航天器及其零件,206,喀麦隆,252498.0
202502,88,第88章  航空器、航天器及其零件,217,埃塞俄比亚,37545.0
202502,88,第88章  航空器、航天器及其零件,223,科特迪瓦,4129.0
202502,88,第88章  航空器、航天器及其零件,234,纳米比亚,60.0
202502,88,第88章  航空器、航天器及其零件,237,留尼汪,5546.0
202502,88,第88章  航空器、航天器及其零件,249,突尼斯,160779.0
202502,88,第88章  航空器、航天器及其零件,303,英国,12776516.0
202502,88,第88章  航空器、航天器及其零件,304,德国,14453555.0
202502,88,第88章  航空器、航天器及其零件,324,马耳他,11610.0
202502,88,第88章  航空器、航天器及其零件,344,俄罗斯,6831842.0
202502,88,第88章  航空器、航天器及其零件,351,克罗地亚,177704.0
202502,88,第88章  航空器、航天器及其零件,358,塞尔维亚,9299.0
202502,88,第88章  航空器、航天器及其零件,440,萨尔瓦多,35750.0
202502,88,第88章  航空器、航天器及其零件,502,美国,44887933.0
202502,88,第88章  航空器、航天器及其零件,601,澳大利亚,3407074.0
202502,89,第89章  船舶及浮动结构体,102,巴林,1664.0
202502,89,第89章  船舶及浮动结构体,110,中国香港,457213875.0
202502,89,第89章  船舶及浮动结构体,111,印度,887560.0
202502,89,第89章  船舶及浮动结构体,112,印度尼西亚,71377117.0
202502,89,第89章  船舶及浮动结构体,116,日本,964190.0
202502,89,第89章  船舶及浮动结构体,119,老挝,12700.0
202502,89,第89章  船舶及浮动结构体,120,黎巴嫩,4598.0
202502,89,第89章  船舶及浮动结构体,122,马来西亚,74837098.0
202502,89,第89章  船舶及浮动结构体,126,阿曼,72646.0
202502,89,第89章  船舶及浮动结构体,132,新加坡,38528147.0
202502,89,第89章  船舶及浮动结构体,133,韩国,62876366.0
202502,89,第89章  船舶及浮动结构体,136,泰国,2602214.0
202502,89,第89章  船舶及浮动结构体,141,越南,321999.0
202502,89,第89章  船舶及浮动结构体,143,中国台湾,193054.0
202502,89,第89章  船舶及浮动结构体,145,哈萨克斯坦,43301.0
202502,89,第89章  船舶及浮动结构体,150,格鲁吉亚,24168.0
202502,89,第89章  船舶及浮动结构体,152,阿塞拜疆,33200.0
202502,89,第89章  船舶及浮动结构体,202,安哥拉,612.0
202502,89,第89章  船舶及浮动结构体,221,几内亚,43951550.0
202502,89,第89章  船舶及浮动结构体,223,科特迪瓦,81104.0
202502,89,第89章  船舶及浮动结构体,225,利比里亚,205170626.0
202502,89,第89章  船舶及浮动结构体,230,毛里塔尼亚,6000.0
202502,89,第89章  船舶及浮动结构体,231,毛里求斯,9016.0
202502,89,第89章  船舶及浮动结构体,234,纳米比亚,12013.0
202502,89,第89章  船舶及浮动结构体,240,塞内加尔,300.0
202502,89,第89章  船舶及浮动结构体,242,塞拉利昂,3500000.0
202502,89,第89章  船舶及浮动结构体,249,突尼斯,2120.0
202502,89,第89章  船舶及浮动结构体,303,英国,1246970.0
202502,89,第89章  船舶及浮动结构体,304,德国,14555958.0
202502,89,第89章  船舶及浮动结构体,324,马耳他,95460953.0
202502,89,第89章  船舶及浮动结构体,344,俄罗斯,28789888.0
202502,89,第89章  船舶及浮动结构体,351,克罗地亚,102664.0
202502,89,第89章  船舶及浮动结构体,358,塞尔维亚,7.0
202502,89,第89章  船舶及浮动结构体,401,安提瓜和巴布达,129.0
202502,89,第89章  船舶及浮动结构体,424,圭亚那,2812008.0
202502,89,第89章  船舶及浮动结构体,428,马提尼克,710.0
202502,89,第89章  船舶及浮动结构体,440,萨尔瓦多,148368.0
202502,89,第89章  船舶及浮动结构体,502,美国,4834401.0
202502,89,第89章  船舶及浮动结构体,601,澳大利亚,1560557.0
202502,90,第90章  光学、照相、电影、计量、检验、医疗或外科用仪器及设备、精密仪器及设备；上述物品的零件、附件,102,巴林,415420.0
202502,90,第90章  光学、照相、电影、计量、检验、医疗或外科用仪器及设备、精密仪器及设备；上述物品的零件、附件,104,不丹,64446.0
202502,90,第90章  光学、照相、电影、计量、检验、医疗或外科用仪器及设备、精密仪器及设备；上述物品的零件、附件,110,中国香港,272954983.0
202502,90,第90章  光学、照相、电影、计量、检验、医疗或外科用仪器及设备、精密仪器及设备；上述物品的零件、附件,111,印度,180635585.0
202502,90,第90章  光学、照相、电影、计量、检验、医疗或外科用仪器及设备、精密仪器及设备；上述物品的零件、附件,112,印度尼西亚,56834802.0
202502,90,第90章  光学、照相、电影、计量、检验、医疗或外科用仪器及设备、精密仪器及设备；上述物品的零件、附件,113,伊朗,9646205.0
202502,90,第90章  光学、照相、电影、计量、检验、医疗或外科用仪器及设备、精密仪器及设备；上述物品的零件、附件,116,日本,251927570.0
202502,90,第90章  光学、照相、电影、计量、检验、医疗或外科用仪器及设备、精密仪器及设备；上述物品的零件、附件,119,老挝,1740961.0
202502,90,第90章  光学、照相、电影、计量、检验、医疗或外科用仪器及设备、精密仪器及设备；上述物品的零件、附件,120,黎巴嫩,2072958.0
202502,90,第90章  光学、照相、电影、计量、检验、医疗或外科用仪器及设备、精密仪器及设备；上述物品的零件、附件,122,马来西亚,72077418.0
202502,90,第90章  光学、照相、电影、计量、检验、医疗或外科用仪器及设备、精密仪器及设备；上述物品的零件、附件,125,尼泊尔,2640199.0
202502,90,第90章  光学、照相、电影、计量、检验、医疗或外科用仪器及设备、精密仪器及设备；上述物品的零件、附件,126,阿曼,1253384.0
202502,90,第90章  光学、照相、电影、计量、检验、医疗或外科用仪器及设备、精密仪器及设备；上述物品的零件、附件,132,新加坡,88035765.0
202502,90,第90章  光学、照相、电影、计量、检验、医疗或外科用仪器及设备、精密仪器及设备；上述物品的零件、附件,133,韩国,171390191.0
202502,90,第90章  光学、照相、电影、计量、检验、医疗或外科用仪器及设备、精密仪器及设备；上述物品的零件、附件,135,叙利亚,721044.0
202502,90,第90章  光学、照相、电影、计量、检验、医疗或外科用仪器及设备、精密仪器及设备；上述物品的零件、附件,136,泰国,134566358.0
202502,90,第90章  光学、照相、电影、计量、检验、医疗或外科用仪器及设备、精密仪器及设备；上述物品的零件、附件,139,也门,2147677.0
202502,90,第90章  光学、照相、电影、计量、检验、医疗或外科用仪器及设备、精密仪器及设备；上述物品的零件、附件,141,越南,184512019.0
202502,90,第90章  光学、照相、电影、计量、检验、医疗或外科用仪器及设备、精密仪器及设备；上述物品的零件、附件,143,中国台湾,111130868.0
202502,90,第90章  光学、照相、电影、计量、检验、医疗或外科用仪器及设备、精密仪器及设备；上述物品的零件、附件,145,哈萨克斯坦,22381752.0
202502,90,第90章  光学、照相、电影、计量、检验、医疗或外科用仪器及设备、精密仪器及设备；上述物品的零件、附件,148,土库曼斯坦,809465.0
202502,90,第90章  光学、照相、电影、计量、检验、医疗或外科用仪器及设备、精密仪器及设备；上述物品的零件、附件,149,乌兹别克斯坦,22737586.0
202502,90,第90章  光学、照相、电影、计量、检验、医疗或外科用仪器及设备、精密仪器及设备；上述物品的零件、附件,150,格鲁吉亚,1089821.0
202502,90,第90章  光学、照相、电影、计量、检验、医疗或外科用仪器及设备、精密仪器及设备；上述物品的零件、附件,151,亚美尼亚,936138.0
202502,90,第90章  光学、照相、电影、计量、检验、医疗或外科用仪器及设备、精密仪器及设备；上述物品的零件、附件,152,阿塞拜疆,1688264.0
202502,90,第90章  光学、照相、电影、计量、检验、医疗或外科用仪器及设备、精密仪器及设备；上述物品的零件、附件,202,安哥拉,774631.0
202502,90,第90章  光学、照相、电影、计量、检验、医疗或外科用仪器及设备、精密仪器及设备；上述物品的零件、附件,204,博茨瓦纳,82787.0
202502,90,第90章  光学、照相、电影、计量、检验、医疗或外科用仪器及设备、精密仪器及设备；上述物品的零件、附件,205,布隆迪,82739.0
202502,90,第90章  光学、照相、电影、计量、检验、医疗或外科用仪器及设备、精密仪器及设备；上述物品的零件、附件,206,喀麦隆,3047068.0
202502,90,第90章  光学、照相、电影、计量、检验、医疗或外科用仪器及设备、精密仪器及设备；上述物品的零件、附件,212,科摩罗,84260.0
202502,90,第90章  光学、照相、电影、计量、检验、医疗或外科用仪器及设备、精密仪器及设备；上述物品的零件、附件,217,埃塞俄比亚,3251420.0
202502,90,第90章  光学、照相、电影、计量、检验、医疗或外科用仪器及设备、精密仪器及设备；上述物品的零件、附件,218,加蓬,187624.0
202502,90,第90章  光学、照相、电影、计量、检验、医疗或外科用仪器及设备、精密仪器及设备；上述物品的零件、附件,221,几内亚,4651840.0
202502,90,第90章  光学、照相、电影、计量、检验、医疗或外科用仪器及设备、精密仪器及设备；上述物品的零件、附件,223,科特迪瓦,6648424.0
202502,90,第90章  光学、照相、电影、计量、检验、医疗或外科用仪器及设备、精密仪器及设备；上述物品的零件、附件,225,利比里亚,2718816.0
202502,90,第90章  光学、照相、电影、计量、检验、医疗或外科用仪器及设备、精密仪器及设备；上述物品的零件、附件,230,毛里塔尼亚,508839.0
202502,90,第90章  光学、照相、电影、计量、检验、医疗或外科用仪器及设备、精密仪器及设备；上述物品的零件、附件,231,毛里求斯,371542.0
202502,90,第90章  光学、照相、电影、计量、检验、医疗或外科用仪器及设备、精密仪器及设备；上述物品的零件、附件,234,纳米比亚,320237.0
202502,90,第90章  光学、照相、电影、计量、检验、医疗或外科用仪器及设备、精密仪器及设备；上述物品的零件、附件,237,留尼汪,62468.0
202502,90,第90章  光学、照相、电影、计量、检验、医疗或外科用仪器及设备、精密仪器及设备；上述物品的零件、附件,240,塞内加尔,1990927.0
202502,90,第90章  光学、照相、电影、计量、检验、医疗或外科用仪器及设备、精密仪器及设备；上述物品的零件、附件,242,塞拉利昂,894499.0
202502,90,第90章  光学、照相、电影、计量、检验、医疗或外科用仪器及设备、精密仪器及设备；上述物品的零件、附件,243,索马里,354275.0
202502,90,第90章  光学、照相、电影、计量、检验、医疗或外科用仪器及设备、精密仪器及设备；上述物品的零件、附件,245,西撒哈拉,2850.0
202502,90,第90章  光学、照相、电影、计量、检验、医疗或外科用仪器及设备、精密仪器及设备；上述物品的零件、附件,249,突尼斯,4993345.0
202502,90,第90章  光学、照相、电影、计量、检验、医疗或外科用仪器及设备、精密仪器及设备；上述物品的零件、附件,259,马约特,768.0
202502,90,第90章  光学、照相、电影、计量、检验、医疗或外科用仪器及设备、精密仪器及设备；上述物品的零件、附件,260,南苏丹,100712.0
202502,90,第90章  光学、照相、电影、计量、检验、医疗或外科用仪器及设备、精密仪器及设备；上述物品的零件、附件,303,英国,91896825.0
202502,90,第90章  光学、照相、电影、计量、检验、医疗或外科用仪器及设备、精密仪器及设备；上述物品的零件、附件,304,德国,260153140.0
202502,90,第90章  光学、照相、电影、计量、检验、医疗或外科用仪器及设备、精密仪器及设备；上述物品的零件、附件,324,马耳他,653418.0
202502,90,第90章  光学、照相、电影、计量、检验、医疗或外科用仪器及设备、精密仪器及设备；上述物品的零件、附件,344,俄罗斯,178364113.0
202502,90,第90章  光学、照相、电影、计量、检验、医疗或外科用仪器及设备、精密仪器及设备；上述物品的零件、附件,351,克罗地亚,2686739.0
202502,90,第90章  光学、照相、电影、计量、检验、医疗或外科用仪器及设备、精密仪器及设备；上述物品的零件、附件,358,塞尔维亚,5018863.0
202502,90,第90章  光学、照相、电影、计量、检验、医疗或外科用仪器及设备、精密仪器及设备；上述物品的零件、附件,401,安提瓜和巴布达,7859.0
202502,90,第90章  光学、照相、电影、计量、检验、医疗或外科用仪器及设备、精密仪器及设备；上述物品的零件、附件,403,阿鲁巴,31112.0
202502,90,第90章  光学、照相、电影、计量、检验、医疗或外科用仪器及设备、精密仪器及设备；上述物品的零件、附件,414,多米尼克,4585.0
202502,90,第90章  光学、照相、电影、计量、检验、医疗或外科用仪器及设备、精密仪器及设备；上述物品的零件、附件,417,库拉索 ,36474.0
202502,90,第90章  光学、照相、电影、计量、检验、医疗或外科用仪器及设备、精密仪器及设备；上述物品的零件、附件,420,法属圭亚那,3049.0
202502,90,第90章  光学、照相、电影、计量、检验、医疗或外科用仪器及设备、精密仪器及设备；上述物品的零件、附件,421,格林纳达,6194.0
202502,90,第90章  光学、照相、电影、计量、检验、医疗或外科用仪器及设备、精密仪器及设备；上述物品的零件、附件,424,圭亚那,207716.0
202502,90,第90章  光学、照相、电影、计量、检验、医疗或外科用仪器及设备、精密仪器及设备；上述物品的零件、附件,425,海地,155565.0
202502,90,第90章  光学、照相、电影、计量、检验、医疗或外科用仪器及设备、精密仪器及设备；上述物品的零件、附件,428,马提尼克,4465.0
202502,90,第90章  光学、照相、电影、计量、检验、医疗或外科用仪器及设备、精密仪器及设备；上述物品的零件、附件,437,圣卢西亚,6916.0
202502,90,第90章  光学、照相、电影、计量、检验、医疗或外科用仪器及设备、精密仪器及设备；上述物品的零件、附件,440,萨尔瓦多,752699.0
202502,90,第90章  光学、照相、电影、计量、检验、医疗或外科用仪器及设备、精密仪器及设备；上述物品的零件、附件,441,苏里南,7079.0
202502,90,第90章  光学、照相、电影、计量、检验、医疗或外科用仪器及设备、精密仪器及设备；上述物品的零件、附件,502,美国,709065825.0
202502,90,第90章  光学、照相、电影、计量、检验、医疗或外科用仪器及设备、精密仪器及设备；上述物品的零件、附件,601,澳大利亚,67164818.0
202502,90,第90章  光学、照相、电影、计量、检验、医疗或外科用仪器及设备、精密仪器及设备；上述物品的零件、附件,607,新喀里多尼亚,25281.0
202502,90,第90章  光学、照相、电影、计量、检验、医疗或外科用仪器及设备、精密仪器及设备；上述物品的零件、附件,618,基里巴斯,2525.0
202502,91,第91章  钟表及其零件,102,巴林,3428.0
202502,91,第91章  钟表及其零件,110,中国香港,71694890.0
202502,91,第91章  钟表及其零件,111,印度,3343650.0
202502,91,第91章  钟表及其零件,112,印度尼西亚,5106308.0
202502,91,第91章  钟表及其零件,113,伊朗,199555.0
202502,91,第91章  钟表及其零件,116,日本,10116848.0
202502,91,第91章  钟表及其零件,119,老挝,1804.0
202502,91,第91章  钟表及其零件,120,黎巴嫩,22161.0
202502,91,第91章  钟表及其零件,122,马来西亚,6364999.0
202502,91,第91章  钟表及其零件,125,尼泊尔,143124.0
202502,91,第91章  钟表及其零件,126,阿曼,89849.0
202502,91,第91章  钟表及其零件,132,新加坡,6288892.0
202502,91,第91章  钟表及其零件,133,韩国,1903387.0
202502,91,第91章  钟表及其零件,136,泰国,2124933.0
202502,91,第91章  钟表及其零件,139,也门,124335.0
202502,91,第91章  钟表及其零件,141,越南,3652057.0
202502,91,第91章  钟表及其零件,143,中国台湾,3640834.0
202502,91,第91章  钟表及其零件,145,哈萨克斯坦,729297.0
202502,91,第91章  钟表及其零件,148,土库曼斯坦,965.0
202502,91,第91章  钟表及其零件,149,乌兹别克斯坦,116438.0
202502,91,第91章  钟表及其零件,150,格鲁吉亚,8273.0
202502,91,第91章  钟表及其零件,152,阿塞拜疆,24382.0
202502,91,第91章  钟表及其零件,202,安哥拉,74765.0
202502,91,第91章  钟表及其零件,204,博茨瓦纳,7229.0
202502,91,第91章  钟表及其零件,205,布隆迪,3.0
202502,91,第91章  钟表及其零件,206,喀麦隆,188938.0
202502,91,第91章  钟表及其零件,217,埃塞俄比亚,50.0
202502,91,第91章  钟表及其零件,218,加蓬,2747.0
202502,91,第91章  钟表及其零件,221,几内亚,58496.0
202502,91,第91章  钟表及其零件,223,科特迪瓦,22742.0
202502,91,第91章  钟表及其零件,225,利比里亚,1172.0
202502,91,第91章  钟表及其零件,230,毛里塔尼亚,18033.0
202502,91,第91章  钟表及其零件,231,毛里求斯,21629.0
202502,91,第91章  钟表及其零件,234,纳米比亚,1921.0
202502,91,第91章  钟表及其零件,237,留尼汪,32085.0
202502,91,第91章  钟表及其零件,240,塞内加尔,41383.0
202502,91,第91章  钟表及其零件,249,突尼斯,78332.0
202502,91,第91章  钟表及其零件,303,英国,6198444.0
202502,91,第91章  钟表及其零件,304,德国,4676166.0
202502,91,第91章  钟表及其零件,324,马耳他,10161.0
202502,91,第91章  钟表及其零件,344,俄罗斯,23237488.0
202502,91,第91章  钟表及其零件,351,克罗地亚,73633.0
202502,91,第91章  钟表及其零件,358,塞尔维亚,64060.0
202502,91,第91章  钟表及其零件,417,库拉索 ,2885.0
202502,91,第91章  钟表及其零件,424,圭亚那,7868.0
202502,91,第91章  钟表及其零件,425,海地,1751.0
202502,91,第91章  钟表及其零件,428,马提尼克,4803.0
202502,91,第91章  钟表及其零件,437,圣卢西亚,2964.0
202502,91,第91章  钟表及其零件,440,萨尔瓦多,50376.0
202502,91,第91章  钟表及其零件,502,美国,23198900.0
202502,91,第91章  钟表及其零件,601,澳大利亚,1119644.0
202502,91,第91章  钟表及其零件,607,新喀里多尼亚,287.0
202502,92,第92章  乐器及其零件、附件,102,巴林,5154.0
202502,92,第92章  乐器及其零件、附件,110,中国香港,1034261.0
202502,92,第92章  乐器及其零件、附件,111,印度,1738035.0
202502,92,第92章  乐器及其零件、附件,112,印度尼西亚,2007590.0
202502,92,第92章  乐器及其零件、附件,113,伊朗,26059.0
202502,92,第92章  乐器及其零件、附件,116,日本,8971339.0
202502,92,第92章  乐器及其零件、附件,119,老挝,980.0
202502,92,第92章  乐器及其零件、附件,120,黎巴嫩,1725.0
202502,92,第92章  乐器及其零件、附件,122,马来西亚,1854784.0
202502,92,第92章  乐器及其零件、附件,125,尼泊尔,32861.0
202502,92,第92章  乐器及其零件、附件,126,阿曼,1603.0
202502,92,第92章  乐器及其零件、附件,132,新加坡,2271590.0
202502,92,第92章  乐器及其零件、附件,133,韩国,2331698.0
202502,92,第92章  乐器及其零件、附件,136,泰国,2262501.0
202502,92,第92章  乐器及其零件、附件,139,也门,2354.0
202502,92,第92章  乐器及其零件、附件,141,越南,752905.0
202502,92,第92章  乐器及其零件、附件,143,中国台湾,563025.0
202502,92,第92章  乐器及其零件、附件,145,哈萨克斯坦,258277.0
202502,92,第92章  乐器及其零件、附件,148,土库曼斯坦,9074.0
202502,92,第92章  乐器及其零件、附件,149,乌兹别克斯坦,9054.0
202502,92,第92章  乐器及其零件、附件,150,格鲁吉亚,156423.0
202502,92,第92章  乐器及其零件、附件,151,亚美尼亚,12397.0
202502,92,第92章  乐器及其零件、附件,152,阿塞拜疆,169534.0
202502,92,第92章  乐器及其零件、附件,202,安哥拉,90044.0
202502,92,第92章  乐器及其零件、附件,204,博茨瓦纳,778.0
202502,92,第92章  乐器及其零件、附件,206,喀麦隆,18263.0
202502,92,第92章  乐器及其零件、附件,218,加蓬,927.0
202502,92,第92章  乐器及其零件、附件,221,几内亚,155.0
202502,92,第92章  乐器及其零件、附件,223,科特迪瓦,42166.0
202502,92,第92章  乐器及其零件、附件,225,利比里亚,672.0
202502,92,第92章  乐器及其零件、附件,231,毛里求斯,736.0
202502,92,第92章  乐器及其零件、附件,240,塞内加尔,4626.0
202502,92,第92章  乐器及其零件、附件,242,塞拉利昂,3712.0
202502,92,第92章  乐器及其零件、附件,249,突尼斯,19565.0
202502,92,第92章  乐器及其零件、附件,303,英国,3979505.0
202502,92,第92章  乐器及其零件、附件,304,德国,9388845.0
202502,92,第92章  乐器及其零件、附件,324,马耳他,567.0
202502,92,第92章  乐器及其零件、附件,344,俄罗斯,2195397.0
202502,92,第92章  乐器及其零件、附件,351,克罗地亚,15794.0
202502,92,第92章  乐器及其零件、附件,358,塞尔维亚,66827.0
202502,92,第92章  乐器及其零件、附件,440,萨尔瓦多,7025.0
202502,92,第92章  乐器及其零件、附件,502,美国,23727301.0
202502,92,第92章  乐器及其零件、附件,601,澳大利亚,1894393.0
202502,93,第93章  武器、弹药及其零件、附件,110,中国香港,318607.0
202502,93,第93章  武器、弹药及其零件、附件,116,日本,407211.0
202502,93,第93章  武器、弹药及其零件、附件,125,尼泊尔,1046.0
202502,93,第93章  武器、弹药及其零件、附件,132,新加坡,537.0
202502,93,第93章  武器、弹药及其零件、附件,133,韩国,54254.0
202502,93,第93章  武器、弹药及其零件、附件,141,越南,1757.0
202502,93,第93章  武器、弹药及其零件、附件,143,中国台湾,17554.0
202502,93,第93章  武器、弹药及其零件、附件,304,德国,315515.0
202502,93,第93章  武器、弹药及其零件、附件,344,俄罗斯,90067.0
202502,93,第93章  武器、弹药及其零件、附件,502,美国,5348430.0
202502,93,第93章  武器、弹药及其零件、附件,601,澳大利亚,4371.0
202502,94,第94章  家具；寝具、褥垫、弹簧床垫、软坐垫及类似的填充制品；未列名灯具及照明装置；发光标志、发光铭牌及类似品；活动房屋,102,巴林,4612868.0
202502,94,第94章  家具；寝具、褥垫、弹簧床垫、软坐垫及类似的填充制品；未列名灯具及照明装置；发光标志、发光铭牌及类似品；活动房屋,104,不丹,8013.0
202502,94,第94章  家具；寝具、褥垫、弹簧床垫、软坐垫及类似的填充制品；未列名灯具及照明装置；发光标志、发光铭牌及类似品；活动房屋,110,中国香港,65077738.0
202502,94,第94章  家具；寝具、褥垫、弹簧床垫、软坐垫及类似的填充制品；未列名灯具及照明装置；发光标志、发光铭牌及类似品；活动房屋,111,印度,75514185.0
202502,94,第94章  家具；寝具、褥垫、弹簧床垫、软坐垫及类似的填充制品；未列名灯具及照明装置；发光标志、发光铭牌及类似品；活动房屋,112,印度尼西亚,79421052.0
202502,94,第94章  家具；寝具、褥垫、弹簧床垫、软坐垫及类似的填充制品；未列名灯具及照明装置；发光标志、发光铭牌及类似品；活动房屋,113,伊朗,12323230.0
202502,94,第94章  家具；寝具、褥垫、弹簧床垫、软坐垫及类似的填充制品；未列名灯具及照明装置；发光标志、发光铭牌及类似品；活动房屋,116,日本,281131061.0
202502,94,第94章  家具；寝具、褥垫、弹簧床垫、软坐垫及类似的填充制品；未列名灯具及照明装置；发光标志、发光铭牌及类似品；活动房屋,119,老挝,1408939.0
202502,94,第94章  家具；寝具、褥垫、弹簧床垫、软坐垫及类似的填充制品；未列名灯具及照明装置；发光标志、发光铭牌及类似品；活动房屋,120,黎巴嫩,3463741.0
202502,94,第94章  家具；寝具、褥垫、弹簧床垫、软坐垫及类似的填充制品；未列名灯具及照明装置；发光标志、发光铭牌及类似品；活动房屋,122,马来西亚,140315394.0
202502,94,第94章  家具；寝具、褥垫、弹簧床垫、软坐垫及类似的填充制品；未列名灯具及照明装置；发光标志、发光铭牌及类似品；活动房屋,125,尼泊尔,1126906.0
202502,94,第94章  家具；寝具、褥垫、弹簧床垫、软坐垫及类似的填充制品；未列名灯具及照明装置；发光标志、发光铭牌及类似品；活动房屋,126,阿曼,10750631.0
202502,94,第94章  家具；寝具、褥垫、弹簧床垫、软坐垫及类似的填充制品；未列名灯具及照明装置；发光标志、发光铭牌及类似品；活动房屋,132,新加坡,131901962.0
202502,94,第94章  家具；寝具、褥垫、弹簧床垫、软坐垫及类似的填充制品；未列名灯具及照明装置；发光标志、发光铭牌及类似品；活动房屋,133,韩国,142858859.0
202502,94,第94章  家具；寝具、褥垫、弹簧床垫、软坐垫及类似的填充制品；未列名灯具及照明装置；发光标志、发光铭牌及类似品；活动房屋,135,叙利亚,448864.0
202502,94,第94章  家具；寝具、褥垫、弹簧床垫、软坐垫及类似的填充制品；未列名灯具及照明装置；发光标志、发光铭牌及类似品；活动房屋,136,泰国,110972389.0
202502,94,第94章  家具；寝具、褥垫、弹簧床垫、软坐垫及类似的填充制品；未列名灯具及照明装置；发光标志、发光铭牌及类似品；活动房屋,139,也门,3302603.0
202502,94,第94章  家具；寝具、褥垫、弹簧床垫、软坐垫及类似的填充制品；未列名灯具及照明装置；发光标志、发光铭牌及类似品；活动房屋,141,越南,115797781.0
202502,94,第94章  家具；寝具、褥垫、弹簧床垫、软坐垫及类似的填充制品；未列名灯具及照明装置；发光标志、发光铭牌及类似品；活动房屋,143,中国台湾,40930514.0
202502,94,第94章  家具；寝具、褥垫、弹簧床垫、软坐垫及类似的填充制品；未列名灯具及照明装置；发光标志、发光铭牌及类似品；活动房屋,145,哈萨克斯坦,34410289.0
202502,94,第94章  家具；寝具、褥垫、弹簧床垫、软坐垫及类似的填充制品；未列名灯具及照明装置；发光标志、发光铭牌及类似品；活动房屋,148,土库曼斯坦,1146619.0
202502,94,第94章  家具；寝具、褥垫、弹簧床垫、软坐垫及类似的填充制品；未列名灯具及照明装置；发光标志、发光铭牌及类似品；活动房屋,149,乌兹别克斯坦,10300148.0
202502,94,第94章  家具；寝具、褥垫、弹簧床垫、软坐垫及类似的填充制品；未列名灯具及照明装置；发光标志、发光铭牌及类似品；活动房屋,150,格鲁吉亚,3391723.0
202502,94,第94章  家具；寝具、褥垫、弹簧床垫、软坐垫及类似的填充制品；未列名灯具及照明装置；发光标志、发光铭牌及类似品；活动房屋,151,亚美尼亚,692358.0
202502,94,第94章  家具；寝具、褥垫、弹簧床垫、软坐垫及类似的填充制品；未列名灯具及照明装置；发光标志、发光铭牌及类似品；活动房屋,152,阿塞拜疆,2184961.0
202502,94,第94章  家具；寝具、褥垫、弹簧床垫、软坐垫及类似的填充制品；未列名灯具及照明装置；发光标志、发光铭牌及类似品；活动房屋,202,安哥拉,5186343.0
202502,94,第94章  家具；寝具、褥垫、弹簧床垫、软坐垫及类似的填充制品；未列名灯具及照明装置；发光标志、发光铭牌及类似品；活动房屋,204,博茨瓦纳,352939.0
202502,94,第94章  家具；寝具、褥垫、弹簧床垫、软坐垫及类似的填充制品；未列名灯具及照明装置；发光标志、发光铭牌及类似品；活动房屋,205,布隆迪,35993.0
202502,94,第94章  家具；寝具、褥垫、弹簧床垫、软坐垫及类似的填充制品；未列名灯具及照明装置；发光标志、发光铭牌及类似品；活动房屋,206,喀麦隆,7895654.0
202502,94,第94章  家具；寝具、褥垫、弹簧床垫、软坐垫及类似的填充制品；未列名灯具及照明装置；发光标志、发光铭牌及类似品；活动房屋,212,科摩罗,58706.0
202502,94,第94章  家具；寝具、褥垫、弹簧床垫、软坐垫及类似的填充制品；未列名灯具及照明装置；发光标志、发光铭牌及类似品；活动房屋,217,埃塞俄比亚,2566906.0
202502,94,第94章  家具；寝具、褥垫、弹簧床垫、软坐垫及类似的填充制品；未列名灯具及照明装置；发光标志、发光铭牌及类似品；活动房屋,218,加蓬,1051870.0
202502,94,第94章  家具；寝具、褥垫、弹簧床垫、软坐垫及类似的填充制品；未列名灯具及照明装置；发光标志、发光铭牌及类似品；活动房屋,221,几内亚,4470628.0
202502,94,第94章  家具；寝具、褥垫、弹簧床垫、软坐垫及类似的填充制品；未列名灯具及照明装置；发光标志、发光铭牌及类似品；活动房屋,223,科特迪瓦,8684992.0
202502,94,第94章  家具；寝具、褥垫、弹簧床垫、软坐垫及类似的填充制品；未列名灯具及照明装置；发光标志、发光铭牌及类似品；活动房屋,225,利比里亚,1838279.0
202502,94,第94章  家具；寝具、褥垫、弹簧床垫、软坐垫及类似的填充制品；未列名灯具及照明装置；发光标志、发光铭牌及类似品；活动房屋,230,毛里塔尼亚,1260506.0
202502,94,第94章  家具；寝具、褥垫、弹簧床垫、软坐垫及类似的填充制品；未列名灯具及照明装置；发光标志、发光铭牌及类似品；活动房屋,231,毛里求斯,1661462.0
202502,94,第94章  家具；寝具、褥垫、弹簧床垫、软坐垫及类似的填充制品；未列名灯具及照明装置；发光标志、发光铭牌及类似品；活动房屋,234,纳米比亚,1367375.0
202502,94,第94章  家具；寝具、褥垫、弹簧床垫、软坐垫及类似的填充制品；未列名灯具及照明装置；发光标志、发光铭牌及类似品；活动房屋,237,留尼汪,1073504.0
202502,94,第94章  家具；寝具、褥垫、弹簧床垫、软坐垫及类似的填充制品；未列名灯具及照明装置；发光标志、发光铭牌及类似品；活动房屋,240,塞内加尔,8056288.0
202502,94,第94章  家具；寝具、褥垫、弹簧床垫、软坐垫及类似的填充制品；未列名灯具及照明装置；发光标志、发光铭牌及类似品；活动房屋,242,塞拉利昂,902142.0
202502,94,第94章  家具；寝具、褥垫、弹簧床垫、软坐垫及类似的填充制品；未列名灯具及照明装置；发光标志、发光铭牌及类似品；活动房屋,243,索马里,2666685.0
202502,94,第94章  家具；寝具、褥垫、弹簧床垫、软坐垫及类似的填充制品；未列名灯具及照明装置；发光标志、发光铭牌及类似品；活动房屋,249,突尼斯,1937579.0
202502,94,第94章  家具；寝具、褥垫、弹簧床垫、软坐垫及类似的填充制品；未列名灯具及照明装置；发光标志、发光铭牌及类似品；活动房屋,259,马约特,410213.0
202502,94,第94章  家具；寝具、褥垫、弹簧床垫、软坐垫及类似的填充制品；未列名灯具及照明装置；发光标志、发光铭牌及类似品；活动房屋,260,南苏丹,466023.0
202502,94,第94章  家具；寝具、褥垫、弹簧床垫、软坐垫及类似的填充制品；未列名灯具及照明装置；发光标志、发光铭牌及类似品；活动房屋,303,英国,258274123.0
202502,94,第94章  家具；寝具、褥垫、弹簧床垫、软坐垫及类似的填充制品；未列名灯具及照明装置；发光标志、发光铭牌及类似品；活动房屋,304,德国,218369826.0
202502,94,第94章  家具；寝具、褥垫、弹簧床垫、软坐垫及类似的填充制品；未列名灯具及照明装置；发光标志、发光铭牌及类似品；活动房屋,324,马耳他,1370836.0
202502,94,第94章  家具；寝具、褥垫、弹簧床垫、软坐垫及类似的填充制品；未列名灯具及照明装置；发光标志、发光铭牌及类似品；活动房屋,344,俄罗斯,77857095.0
202502,94,第94章  家具；寝具、褥垫、弹簧床垫、软坐垫及类似的填充制品；未列名灯具及照明装置；发光标志、发光铭牌及类似品；活动房屋,351,克罗地亚,5468946.0
202502,94,第94章  家具；寝具、褥垫、弹簧床垫、软坐垫及类似的填充制品；未列名灯具及照明装置；发光标志、发光铭牌及类似品；活动房屋,358,塞尔维亚,4502528.0
202502,94,第94章  家具；寝具、褥垫、弹簧床垫、软坐垫及类似的填充制品；未列名灯具及照明装置；发光标志、发光铭牌及类似品；活动房屋,401,安提瓜和巴布达,19165.0
202502,94,第94章  家具；寝具、褥垫、弹簧床垫、软坐垫及类似的填充制品；未列名灯具及照明装置；发光标志、发光铭牌及类似品；活动房屋,403,阿鲁巴,436908.0
202502,94,第94章  家具；寝具、褥垫、弹簧床垫、软坐垫及类似的填充制品；未列名灯具及照明装置；发光标志、发光铭牌及类似品；活动房屋,414,多米尼克,31726.0
202502,94,第94章  家具；寝具、褥垫、弹簧床垫、软坐垫及类似的填充制品；未列名灯具及照明装置；发光标志、发光铭牌及类似品；活动房屋,417,库拉索 ,20210.0
202502,94,第94章  家具；寝具、褥垫、弹簧床垫、软坐垫及类似的填充制品；未列名灯具及照明装置；发光标志、发光铭牌及类似品；活动房屋,420,法属圭亚那,239539.0
202502,94,第94章  家具；寝具、褥垫、弹簧床垫、软坐垫及类似的填充制品；未列名灯具及照明装置；发光标志、发光铭牌及类似品；活动房屋,421,格林纳达,35302.0
202502,94,第94章  家具；寝具、褥垫、弹簧床垫、软坐垫及类似的填充制品；未列名灯具及照明装置；发光标志、发光铭牌及类似品；活动房屋,424,圭亚那,2257248.0
202502,94,第94章  家具；寝具、褥垫、弹簧床垫、软坐垫及类似的填充制品；未列名灯具及照明装置；发光标志、发光铭牌及类似品；活动房屋,425,海地,424899.0
202502,94,第94章  家具；寝具、褥垫、弹簧床垫、软坐垫及类似的填充制品；未列名灯具及照明装置；发光标志、发光铭牌及类似品；活动房屋,428,马提尼克,293572.0
202502,94,第94章  家具；寝具、褥垫、弹簧床垫、软坐垫及类似的填充制品；未列名灯具及照明装置；发光标志、发光铭牌及类似品；活动房屋,437,圣卢西亚,465913.0
202502,94,第94章  家具；寝具、褥垫、弹簧床垫、软坐垫及类似的填充制品；未列名灯具及照明装置；发光标志、发光铭牌及类似品；活动房屋,440,萨尔瓦多,2143618.0
202502,94,第94章  家具；寝具、褥垫、弹簧床垫、软坐垫及类似的填充制品；未列名灯具及照明装置；发光标志、发光铭牌及类似品；活动房屋,441,苏里南,674719.0
202502,94,第94章  家具；寝具、褥垫、弹簧床垫、软坐垫及类似的填充制品；未列名灯具及照明装置；发光标志、发光铭牌及类似品；活动房屋,502,美国,1575096091.0
202502,94,第94章  家具；寝具、褥垫、弹簧床垫、软坐垫及类似的填充制品；未列名灯具及照明装置；发光标志、发光铭牌及类似品；活动房屋,601,澳大利亚,177208178.0
202502,94,第94章  家具；寝具、褥垫、弹簧床垫、软坐垫及类似的填充制品；未列名灯具及照明装置；发光标志、发光铭牌及类似品；活动房屋,607,新喀里多尼亚,167941.0
202502,94,第94章  家具；寝具、褥垫、弹簧床垫、软坐垫及类似的填充制品；未列名灯具及照明装置；发光标志、发光铭牌及类似品；活动房屋,618,基里巴斯,8721.0
202502,95,第95章  玩具、游戏品、运动用品及其零件、附件,102,巴林,455218.0
202502,95,第95章  玩具、游戏品、运动用品及其零件、附件,104,不丹,26994.0
202502,95,第95章  玩具、游戏品、运动用品及其零件、附件,110,中国香港,68288468.0
202502,95,第95章  玩具、游戏品、运动用品及其零件、附件,111,印度,22987695.0
202502,95,第95章  玩具、游戏品、运动用品及其零件、附件,112,印度尼西亚,38177236.0
202502,95,第95章  玩具、游戏品、运动用品及其零件、附件,113,伊朗,1500495.0
202502,95,第95章  玩具、游戏品、运动用品及其零件、附件,116,日本,181702702.0
202502,95,第95章  玩具、游戏品、运动用品及其零件、附件,119,老挝,928674.0
202502,95,第95章  玩具、游戏品、运动用品及其零件、附件,120,黎巴嫩,1000026.0
202502,95,第95章  玩具、游戏品、运动用品及其零件、附件,122,马来西亚,52427102.0
202502,95,第95章  玩具、游戏品、运动用品及其零件、附件,125,尼泊尔,991301.0
202502,95,第95章  玩具、游戏品、运动用品及其零件、附件,126,阿曼,1922549.0
202502,95,第95章  玩具、游戏品、运动用品及其零件、附件,132,新加坡,90848628.0
202502,95,第95章  玩具、游戏品、运动用品及其零件、附件,133,韩国,76666158.0
202502,95,第95章  玩具、游戏品、运动用品及其零件、附件,135,叙利亚,399.0
202502,95,第95章  玩具、游戏品、运动用品及其零件、附件,136,泰国,68823542.0
202502,95,第95章  玩具、游戏品、运动用品及其零件、附件,139,也门,1218200.0
202502,95,第95章  玩具、游戏品、运动用品及其零件、附件,141,越南,70369182.0
202502,95,第95章  玩具、游戏品、运动用品及其零件、附件,143,中国台湾,25243661.0
202502,95,第95章  玩具、游戏品、运动用品及其零件、附件,145,哈萨克斯坦,44082223.0
202502,95,第95章  玩具、游戏品、运动用品及其零件、附件,148,土库曼斯坦,588232.0
202502,95,第95章  玩具、游戏品、运动用品及其零件、附件,149,乌兹别克斯坦,5465440.0
202502,95,第95章  玩具、游戏品、运动用品及其零件、附件,150,格鲁吉亚,1075542.0
202502,95,第95章  玩具、游戏品、运动用品及其零件、附件,151,亚美尼亚,222585.0
202502,95,第95章  玩具、游戏品、运动用品及其零件、附件,152,阿塞拜疆,846520.0
202502,95,第95章  玩具、游戏品、运动用品及其零件、附件,202,安哥拉,431262.0
202502,95,第95章  玩具、游戏品、运动用品及其零件、附件,204,博茨瓦纳,13475.0
202502,95,第95章  玩具、游戏品、运动用品及其零件、附件,205,布隆迪,255.0
202502,95,第95章  玩具、游戏品、运动用品及其零件、附件,206,喀麦隆,371736.0
202502,95,第95章  玩具、游戏品、运动用品及其零件、附件,217,埃塞俄比亚,61683.0
202502,95,第95章  玩具、游戏品、运动用品及其零件、附件,218,加蓬,35021.0
202502,95,第95章  玩具、游戏品、运动用品及其零件、附件,221,几内亚,337365.0
202502,95,第95章  玩具、游戏品、运动用品及其零件、附件,223,科特迪瓦,856222.0
202502,95,第95章  玩具、游戏品、运动用品及其零件、附件,225,利比里亚,28057.0
202502,95,第95章  玩具、游戏品、运动用品及其零件、附件,230,毛里塔尼亚,204118.0
202502,95,第95章  玩具、游戏品、运动用品及其零件、附件,231,毛里求斯,780215.0
202502,95,第95章  玩具、游戏品、运动用品及其零件、附件,234,纳米比亚,28524.0
202502,95,第95章  玩具、游戏品、运动用品及其零件、附件,237,留尼汪,129546.0
202502,95,第95章  玩具、游戏品、运动用品及其零件、附件,240,塞内加尔,855474.0
202502,95,第95章  玩具、游戏品、运动用品及其零件、附件,242,塞拉利昂,9112.0
202502,95,第95章  玩具、游戏品、运动用品及其零件、附件,243,索马里,395282.0
202502,95,第95章  玩具、游戏品、运动用品及其零件、附件,249,突尼斯,338587.0
202502,95,第95章  玩具、游戏品、运动用品及其零件、附件,260,南苏丹,416.0
202502,95,第95章  玩具、游戏品、运动用品及其零件、附件,303,英国,134864633.0
202502,95,第95章  玩具、游戏品、运动用品及其零件、附件,304,德国,94358012.0
202502,95,第95章  玩具、游戏品、运动用品及其零件、附件,324,马耳他,311268.0
202502,95,第95章  玩具、游戏品、运动用品及其零件、附件,344,俄罗斯,85251706.0
202502,95,第95章  玩具、游戏品、运动用品及其零件、附件,351,克罗地亚,3435754.0
202502,95,第95章  玩具、游戏品、运动用品及其零件、附件,358,塞尔维亚,1152937.0
202502,95,第95章  玩具、游戏品、运动用品及其零件、附件,401,安提瓜和巴布达,21106.0
202502,95,第95章  玩具、游戏品、运动用品及其零件、附件,403,阿鲁巴,11195.0
202502,95,第95章  玩具、游戏品、运动用品及其零件、附件,414,多米尼克,1649.0
202502,95,第95章  玩具、游戏品、运动用品及其零件、附件,420,法属圭亚那,954.0
202502,95,第95章  玩具、游戏品、运动用品及其零件、附件,424,圭亚那,166744.0
202502,95,第95章  玩具、游戏品、运动用品及其零件、附件,425,海地,15830.0
202502,95,第95章  玩具、游戏品、运动用品及其零件、附件,428,马提尼克,1980.0
202502,95,第95章  玩具、游戏品、运动用品及其零件、附件,437,圣卢西亚,18157.0
202502,95,第95章  玩具、游戏品、运动用品及其零件、附件,440,萨尔瓦多,877467.0
202502,95,第95章  玩具、游戏品、运动用品及其零件、附件,441,苏里南,66765.0
202502,95,第95章  玩具、游戏品、运动用品及其零件、附件,502,美国,1045169865.0
202502,95,第95章  玩具、游戏品、运动用品及其零件、附件,601,澳大利亚,85131557.0
202502,95,第95章  玩具、游戏品、运动用品及其零件、附件,607,新喀里多尼亚,46026.0
202502,95,第95章  玩具、游戏品、运动用品及其零件、附件,618,基里巴斯,22974.0
202502,96,第96章  杂项制品,102,巴林,159716.0
202502,96,第96章  杂项制品,104,不丹,2424.0
202502,96,第96章  杂项制品,110,中国香港,31942086.0
202502,96,第96章  杂项制品,111,印度,25513462.0
202502,96,第96章  杂项制品,112,印度尼西亚,20838550.0
202502,96,第96章  杂项制品,113,伊朗,1557006.0
202502,96,第96章  杂项制品,116,日本,41354608.0
202502,96,第96章  杂项制品,119,老挝,273855.0
202502,96,第96章  杂项制品,120,黎巴嫩,937377.0
202502,96,第96章  杂项制品,122,马来西亚,25138871.0
202502,96,第96章  杂项制品,125,尼泊尔,1730720.0
202502,96,第96章  杂项制品,126,阿曼,1055321.0
202502,96,第96章  杂项制品,132,新加坡,13646088.0
202502,96,第96章  杂项制品,133,韩国,29567268.0
202502,96,第96章  杂项制品,135,叙利亚,63348.0
202502,96,第96章  杂项制品,136,泰国,24159817.0
202502,96,第96章  杂项制品,139,也门,1993651.0
202502,96,第96章  杂项制品,141,越南,71539524.0
202502,96,第96章  杂项制品,143,中国台湾,10488154.0
202502,96,第96章  杂项制品,145,哈萨克斯坦,15198822.0
202502,96,第96章  杂项制品,148,土库曼斯坦,321049.0
202502,96,第96章  杂项制品,149,乌兹别克斯坦,2804177.0
202502,96,第96章  杂项制品,150,格鲁吉亚,409528.0
202502,96,第96章  杂项制品,151,亚美尼亚,201408.0
202502,96,第96章  杂项制品,152,阿塞拜疆,418330.0
202502,96,第96章  杂项制品,202,安哥拉,1340071.0
202502,96,第96章  杂项制品,204,博茨瓦纳,50187.0
202502,96,第96章  杂项制品,205,布隆迪,15.0
202502,96,第96章  杂项制品,206,喀麦隆,1518203.0
202502,96,第96章  杂项制品,212,科摩罗,13122.0
202502,96,第96章  杂项制品,217,埃塞俄比亚,207208.0
202502,96,第96章  杂项制品,218,加蓬,184052.0
202502,96,第96章  杂项制品,221,几内亚,755704.0
202502,96,第96章  杂项制品,223,科特迪瓦,844532.0
202502,96,第96章  杂项制品,225,利比里亚,41750.0
202502,96,第96章  杂项制品,230,毛里塔尼亚,65676.0
202502,96,第96章  杂项制品,231,毛里求斯,405381.0
202502,96,第96章  杂项制品,234,纳米比亚,32320.0
202502,96,第96章  杂项制品,237,留尼汪,126717.0
202502,96,第96章  杂项制品,240,塞内加尔,1159566.0
202502,96,第96章  杂项制品,242,塞拉利昂,431033.0
202502,96,第96章  杂项制品,243,索马里,1426796.0
202502,96,第96章  杂项制品,249,突尼斯,931666.0
202502,96,第96章  杂项制品,259,马约特,33185.0
202502,96,第96章  杂项制品,260,南苏丹,23025.0
202502,96,第96章  杂项制品,303,英国,32771956.0
202502,96,第96章  杂项制品,304,德国,28794093.0
202502,96,第96章  杂项制品,324,马耳他,132159.0
202502,96,第96章  杂项制品,344,俄罗斯,43181889.0
202502,96,第96章  杂项制品,351,克罗地亚,523090.0
202502,96,第96章  杂项制品,358,塞尔维亚,933604.0
202502,96,第96章  杂项制品,401,安提瓜和巴布达,2171.0
202502,96,第96章  杂项制品,403,阿鲁巴,5558.0
202502,96,第96章  杂项制品,414,多米尼克,5831.0
202502,96,第96章  杂项制品,417,库拉索 ,16729.0
202502,96,第96章  杂项制品,420,法属圭亚那,22955.0
202502,96,第96章  杂项制品,424,圭亚那,507404.0
202502,96,第96章  杂项制品,425,海地,2653217.0
202502,96,第96章  杂项制品,428,马提尼克,3591.0
202502,96,第96章  杂项制品,437,圣卢西亚,1968.0
202502,96,第96章  杂项制品,440,萨尔瓦多,983618.0
202502,96,第96章  杂项制品,441,苏里南,192781.0
202502,96,第96章  杂项制品,502,美国,308119112.0
202502,96,第96章  杂项制品,601,澳大利亚,27597439.0
202502,96,第96章  杂项制品,607,新喀里多尼亚,49888.0
202502,96,第96章  杂项制品,618,基里巴斯,25330.0
202502,97,第97章  艺术品、收藏品及古物,102,巴林,16.0
202502,97,第97章  艺术品、收藏品及古物,110,中国香港,24903935.0
202502,97,第97章  艺术品、收藏品及古物,111,印度,120782.0
202502,97,第97章  艺术品、收藏品及古物,112,印度尼西亚,1347.0
202502,97,第97章  艺术品、收藏品及古物,116,日本,28872.0
202502,97,第97章  艺术品、收藏品及古物,119,老挝,4.0
202502,97,第97章  艺术品、收藏品及古物,122,马来西亚,66582.0
202502,97,第97章  艺术品、收藏品及古物,132,新加坡,21866.0
202502,97,第97章  艺术品、收藏品及古物,133,韩国,1289083.0
202502,97,第97章  艺术品、收藏品及古物,136,泰国,14123.0
202502,97,第97章  艺术品、收藏品及古物,141,越南,8048.0
202502,97,第97章  艺术品、收藏品及古物,143,中国台湾,756665.0
202502,97,第97章  艺术品、收藏品及古物,221,几内亚,2904.0
202502,97,第97章  艺术品、收藏品及古物,303,英国,2933316.0
202502,97,第97章  艺术品、收藏品及古物,304,德国,1425478.0
202502,97,第97章  艺术品、收藏品及古物,344,俄罗斯,5548.0
202502,97,第97章  艺术品、收藏品及古物,351,克罗地亚,23992.0
202502,97,第97章  艺术品、收藏品及古物,502,美国,3497498.0
202502,97,第97章  艺术品、收藏品及古物,601,澳大利亚,220739.0
202502,98,第98章  特殊交易品及未分类商品,102,巴林,3157113.0
202502,98,第98章  特殊交易品及未分类商品,104,不丹,30963.0
202502,98,第98章  特殊交易品及未分类商品,110,中国香港,303687669.0
202502,98,第98章  特殊交易品及未分类商品,111,印度,3043733.0
202502,98,第98章  特殊交易品及未分类商品,112,印度尼西亚,126749489.0
202502,98,第98章  特殊交易品及未分类商品,113,伊朗,556141.0
202502,98,第98章  特殊交易品及未分类商品,116,日本,200899632.0
202502,98,第98章  特殊交易品及未分类商品,119,老挝,12321098.0
202502,98,第98章  特殊交易品及未分类商品,120,黎巴嫩,109843.0
202502,98,第98章  特殊交易品及未分类商品,122,马来西亚,767314553.0
202502,98,第98章  特殊交易品及未分类商品,125,尼泊尔,71893.0
202502,98,第98章  特殊交易品及未分类商品,126,阿曼,4957325.0
202502,98,第98章  特殊交易品及未分类商品,132,新加坡,430068342.0
202502,98,第98章  特殊交易品及未分类商品,133,韩国,373896288.0
202502,98,第98章  特殊交易品及未分类商品,135,叙利亚,868.0
202502,98,第98章  特殊交易品及未分类商品,136,泰国,298539527.0
202502,98,第98章  特殊交易品及未分类商品,139,也门,903.0
202502,98,第98章  特殊交易品及未分类商品,141,越南,171080027.0
202502,98,第98章  特殊交易品及未分类商品,143,中国台湾,198384635.0
202502,98,第98章  特殊交易品及未分类商品,145,哈萨克斯坦,2768360.0
202502,98,第98章  特殊交易品及未分类商品,148,土库曼斯坦,93541.0
202502,98,第98章  特殊交易品及未分类商品,149,乌兹别克斯坦,3046084.0
202502,98,第98章  特殊交易品及未分类商品,150,格鲁吉亚,15773619.0
202502,98,第98章  特殊交易品及未分类商品,151,亚美尼亚,40986.0
202502,98,第98章  特殊交易品及未分类商品,152,阿塞拜疆,2432537.0
202502,98,第98章  特殊交易品及未分类商品,202,安哥拉,315359.0
202502,98,第98章  特殊交易品及未分类商品,204,博茨瓦纳,44829.0
202502,98,第98章  特殊交易品及未分类商品,205,布隆迪,27838.0
202502,98,第98章  特殊交易品及未分类商品,206,喀麦隆,19421.0
202502,98,第98章  特殊交易品及未分类商品,212,科摩罗,2622.0
202502,98,第98章  特殊交易品及未分类商品,217,埃塞俄比亚,143638.0
202502,98,第98章  特殊交易品及未分类商品,218,加蓬,18160.0
202502,98,第98章  特殊交易品及未分类商品,221,几内亚,30775.0
202502,98,第98章  特殊交易品及未分类商品,223,科特迪瓦,101783.0
202502,98,第98章  特殊交易品及未分类商品,225,利比里亚,17237.0
202502,98,第98章  特殊交易品及未分类商品,230,毛里塔尼亚,9788.0
202502,98,第98章  特殊交易品及未分类商品,231,毛里求斯,1331368.0
202502,98,第98章  特殊交易品及未分类商品,234,纳米比亚,184412.0
202502,98,第98章  特殊交易品及未分类商品,237,留尼汪,1109614.0
202502,98,第98章  特殊交易品及未分类商品,240,塞内加尔,59824.0
202502,98,第98章  特殊交易品及未分类商品,242,塞拉利昂,13082.0
202502,98,第98章  特殊交易品及未分类商品,243,索马里,1090.0
202502,98,第98章  特殊交易品及未分类商品,249,突尼斯,102413.0
202502,98,第98章  特殊交易品及未分类商品,259,马约特,21053.0
202502,98,第98章  特殊交易品及未分类商品,260,南苏丹,1721.0
202502,98,第98章  特殊交易品及未分类商品,303,英国,320622368.0
202502,98,第98章  特殊交易品及未分类商品,304,德国,213533801.0
202502,98,第98章  特殊交易品及未分类商品,324,马耳他,4284283.0
202502,98,第98章  特殊交易品及未分类商品,344,俄罗斯,143409728.0
202502,98,第98章  特殊交易品及未分类商品,351,克罗地亚,4309153.0
202502,98,第98章  特殊交易品及未分类商品,358,塞尔维亚,3980361.0
202502,98,第98章  特殊交易品及未分类商品,399,欧洲其他国家(地区) ,43.0
202502,98,第98章  特殊交易品及未分类商品,401,安提瓜和巴布达,82012.0
202502,98,第98章  特殊交易品及未分类商品,403,阿鲁巴,98945.0
202502,98,第98章  特殊交易品及未分类商品,414,多米尼克,8897.0
202502,98,第98章  特殊交易品及未分类商品,417,库拉索 ,16701.0
202502,98,第98章  特殊交易品及未分类商品,420,法属圭亚那,190246.0
202502,98,第98章  特殊交易品及未分类商品,421,格林纳达,32550.0
202502,98,第98章  特殊交易品及未分类商品,424,圭亚那,238242.0
202502,98,第98章  特殊交易品及未分类商品,425,海地,930.0
202502,98,第98章  特殊交易品及未分类商品,428,马提尼克,204475.0
202502,98,第98章  特殊交易品及未分类商品,437,圣卢西亚,13267.0
202502,98,第98章  特殊交易品及未分类商品,440,萨尔瓦多,885904.0
202502,98,第98章  特殊交易品及未分类商品,441,苏里南,54481.0
202502,98,第98章  特殊交易品及未分类商品,502,美国,1603742612.0
202502,98,第98章  特殊交易品及未分类商品,601,澳大利亚,204937255.0
202502,98,第98章  特殊交易品及未分类商品,607,新喀里多尼亚,189482.0
202502,98,第98章  特殊交易品及未分类商品,618,基里巴斯,1277.0
202502,98,第98章  特殊交易品及未分类商品,701,国家（地区）不明 ,5658250.0
202502,99,跨境电商B2B简化申报商品,102,巴林,3157.0
202502,99,跨境电商B2B简化申报商品,110,中国香港,22420303.0
202502,99,跨境电商B2B简化申报商品,111,印度,622598.0
202502,99,跨境电商B2B简化申报商品,112,印度尼西亚,134181.0
202502,99,跨境电商B2B简化申报商品,113,伊朗,17136.0
202502,99,跨境电商B2B简化申报商品,116,日本,1404079.0
202502,99,跨境电商B2B简化申报商品,119,老挝,1724340.0
202502,99,跨境电商B2B简化申报商品,122,马来西亚,9191700.0
202502,99,跨境电商B2B简化申报商品,132,新加坡,459346.0
202502,99,跨境电商B2B简化申报商品,133,韩国,941687.0
202502,99,跨境电商B2B简化申报商品,136,泰国,30136559.0
202502,99,跨境电商B2B简化申报商品,141,越南,15261874.0
202502,99,跨境电商B2B简化申报商品,143,中国台湾,2191689.0
202502,99,跨境电商B2B简化申报商品,303,英国,1481779.0
202502,99,跨境电商B2B简化申报商品,304,德国,934702.0
202502,99,跨境电商B2B简化申报商品,344,俄罗斯,318083.0
202502,99,跨境电商B2B简化申报商品,351,克罗地亚,32.0
202502,99,跨境电商B2B简化申报商品,502,美国,2933824.0
202502,99,跨境电商B2B简化申报商品,601,澳大利亚,764584.0
