商品编码,商品名称,贸易伙伴编码,贸易伙伴名称,人民币
1,第1章 活动物,305,法国,1135
1,第1章 活动物,309,荷兰,5170919
1,第1章 活动物,315,奥地利,38434
2,第2章 肉及食用...,137,土耳其,70332513
2,第2章 肉及食用...,305,法国,229315738
2,第2章 肉及食用...,306,爱尔兰,75138095
2,第2章 肉及食用...,309,荷兰,337227257
2,第2章 肉及食用...,312,西班牙,1069226458
2,第2章 肉及食用...,315,奥地利,24185114
2,第2章 肉及食用...,318,芬兰,24075685
2,第2章 肉及食用...,321,匈牙利,10532090
2,第2章 肉及食用...,340,白俄罗斯,256790658
2,第2章 肉及食用...,408,玻利维亚,215195793
2,第2章 肉及食用...,410,巴西,6920268041
2,第2章 肉及食用...,415,哥斯达黎加,72557197
2,第2章 肉及食用...,429,墨西哥,22220764
2,第2章 肉及食用...,444,乌拉圭,803588202
2,第2章 肉及食用...,501,加拿大,142700515
3,第3章 鱼、甲壳...,127,巴基斯坦,82415785
3,第3章 鱼、甲壳...,129,菲律宾,62008440
3,第3章 鱼、甲壳...,137,土耳其,13691590
3,第3章 鱼、甲壳...,220,加纳,1573240
3,第3章 鱼、甲壳...,224,肯尼亚,4362442
3,第3章 鱼、甲壳...,227,马达加斯加,8050246
3,第3章 鱼、甲壳...,233,莫桑比克,9910865
3,第3章 鱼、甲壳...,244,南非,5215795
3,第3章 鱼、甲壳...,305,法国,70158535
3,第3章 鱼、甲壳...,306,爱尔兰,20808399
3,第3章 鱼、甲壳...,309,荷兰,28740676
3,第3章 鱼、甲壳...,312,西班牙,63960961
3,第3章 鱼、甲壳...,326,挪威,602287158
3,第3章 鱼、甲壳...,357,法罗群岛,79069983
3,第3章 鱼、甲壳...,410,巴西,43942556
3,第3章 鱼、甲壳...,429,墨西哥,113621476
3,第3章 鱼、甲壳...,444,乌拉圭,44686078
3,第3章 鱼、甲壳...,501,加拿大,913337897
3,第3章 鱼、甲壳...,503,格陵兰,210892481
4,第4章 乳品；蛋...,108,塞浦路斯,12861
4,第4章 乳品；蛋...,137,土耳其,2749311
4,第4章 乳品；蛋...,301,比利时,37600229
4,第4章 乳品；蛋...,305,法国,276548935
4,第4章 乳品；蛋...,306,爱尔兰,156113775
4,第4章 乳品；蛋...,307,意大利,30829729
4,第4章 乳品；蛋...,309,荷兰,154617455
4,第4章 乳品；蛋...,310,希腊,6235127
4,第4章 乳品；蛋...,312,西班牙,58938534
4,第4章 乳品；蛋...,315,奥地利,14859463
4,第4章 乳品；蛋...,318,芬兰,64359441
4,第4章 乳品；蛋...,321,匈牙利,1608283
4,第4章 乳品；蛋...,327,波兰,103573761
4,第4章 乳品；蛋...,340,白俄罗斯,82451534
4,第4章 乳品；蛋...,350,斯洛文尼亚,152514
4,第4章 乳品；蛋...,410,巴西,3202010
4,第4章 乳品；蛋...,444,乌拉圭,100068200
4,第4章 乳品；蛋...,501,加拿大,1786940
5,第5章 其他动物...,124,蒙古,4728050
5,第5章 其他动物...,127,巴基斯坦,8421926
5,第5章 其他动物...,129,菲律宾,431600
5,第5章 其他动物...,244,南非,2114608
5,第5章 其他动物...,305,法国,4150421
5,第5章 其他动物...,306,爱尔兰,1290801
5,第5章 其他动物...,307,意大利,289878
5,第5章 其他动物...,309,荷兰,30093615
5,第5章 其他动物...,310,希腊,60398
5,第5章 其他动物...,312,西班牙,28240459
5,第5章 其他动物...,321,匈牙利,642266
5,第5章 其他动物...,327,波兰,214833
5,第5章 其他动物...,340,白俄罗斯,3427814
5,第5章 其他动物...,404,巴哈马,154020
5,第5章 其他动物...,406,伯利兹,94152
5,第5章 其他动物...,429,墨西哥,127421
5,第5章 其他动物...,501,加拿大,6981047
6,第6章 活树及其...,129,菲律宾,1128
6,第6章 活树及其...,137,土耳其,238
6,第6章 活树及其...,224,肯尼亚,1008759
6,第6章 活树及其...,244,南非,3801918
6,第6章 活树及其...,250,乌干达,108204
6,第6章 活树及其...,254,津巴布韦,15575
6,第6章 活树及其...,301,比利时,48396
6,第6章 活树及其...,305,法国,3997137
6,第6章 活树及其...,307,意大利,7387030
6,第6章 活树及其...,309,荷兰,101169557
6,第6章 活树及其...,312,西班牙,12591
6,第6章 活树及其...,327,波兰,54957
6,第6章 活树及其...,410,巴西,109389
6,第6章 活树及其...,415,哥斯达黎加,561822
7,第7章 食用蔬菜...,127,巴基斯坦,236989
7,第7章 食用蔬菜...,137,土耳其,2417869
7,第7章 食用蔬菜...,244,南非,3562808
7,第7章 食用蔬菜...,301,比利时,30341
7,第7章 食用蔬菜...,305,法国,7014672
7,第7章 食用蔬菜...,321,匈牙利,10241
7,第7章 食用蔬菜...,340,白俄罗斯,330
7,第7章 食用蔬菜...,410,巴西,7184
7,第7章 食用蔬菜...,501,加拿大,35745440
8,第8章 食用水果...,124,蒙古,11856978
8,第8章 食用水果...,127,巴基斯坦,34449706
8,第8章 食用水果...,129,菲律宾,384408595
8,第8章 食用水果...,137,土耳其,14664085
8,第8章 食用水果...,138,阿联酋,1198640
8,第8章 食用水果...,224,肯尼亚,9958384
8,第8章 食用水果...,244,南非,945760440
8,第8章 食用水果...,254,津巴布韦,3243677
8,第8章 食用水果...,305,法国,175309
8,第8章 食用水果...,309,荷兰,413868
8,第8章 食用水果...,312,西班牙,1882968
8,第8章 食用水果...,326,挪威,17439
8,第8章 食用水果...,327,波兰,664922
8,第8章 食用水果...,410,巴西,583832
8,第8章 食用水果...,415,哥斯达黎加,637650
8,第8章 食用水果...,501,加拿大,140110577
9,第9章 咖啡、茶...,137,土耳其,534773
9,第9章 咖啡、茶...,138,阿联酋,669
9,第9章 咖啡、茶...,224,肯尼亚,6354627
9,第9章 咖啡、茶...,227,马达加斯加,1824404
9,第9章 咖啡、茶...,235,尼日尔,637
9,第9章 咖啡、茶...,244,南非,1723
9,第9章 咖啡、茶...,250,乌干达,14420458
9,第9章 咖啡、茶...,301,比利时,519821
9,第9章 咖啡、茶...,305,法国,7375500
9,第9章 咖啡、茶...,306,爱尔兰,370
9,第9章 咖啡、茶...,307,意大利,40051068
9,第9章 咖啡、茶...,309,荷兰,28317
9,第9章 咖啡、茶...,310,希腊,76779
9,第9章 咖啡、茶...,312,西班牙,128181
9,第9章 咖啡、茶...,315,奥地利,1233286
9,第9章 咖啡、茶...,316,保加利亚,314
9,第9章 咖啡、茶...,326,挪威,34932
9,第9章 咖啡、茶...,327,波兰,605318
9,第9章 咖啡、茶...,410,巴西,46769960
9,第9章 咖啡、茶...,415,哥斯达黎加,7047987
9,第9章 咖啡、茶...,427,牙买加,1552892
9,第9章 咖啡、茶...,429,墨西哥,1390327
9,第9章 咖啡、茶...,431,尼加拉瓜,24874
9,第9章 咖啡、茶...,444,乌拉圭,2614863
9,第9章 咖啡、茶...,501,加拿大,76762
10,第10章 谷物,127,巴基斯坦,54374454
10,第10章 谷物,129,菲律宾,4726
10,第10章 谷物,305,法国,387793211
10,第10章 谷物,307,意大利,328010
10,第10章 谷物,340,白俄罗斯,880
10,第10章 谷物,408,玻利维亚,1931701
10,第10章 谷物,429,墨西哥,672
10,第10章 谷物,501,加拿大,369491552
11,第11章 制粉工业...,129,菲律宾,44660
11,第11章 制粉工业...,301,比利时,5818218
11,第11章 制粉工业...,305,法国,2090270
11,第11章 制粉工业...,307,意大利,54228
11,第11章 制粉工业...,309,荷兰,10431934
11,第11章 制粉工业...,312,西班牙,3586
11,第11章 制粉工业...,318,芬兰,41093
11,第11章 制粉工业...,408,玻利维亚,306910
11,第11章 制粉工业...,429,墨西哥,750462
11,第11章 制粉工业...,501,加拿大,2320914
12,第12章 含油子仁...,124,蒙古,15776100
12,第12章 含油子仁...,127,巴基斯坦,58898235
12,第12章 含油子仁...,129,菲律宾,10406895
12,第12章 含油子仁...,137,土耳其,476661
12,第12章 含油子仁...,203,贝宁,51685857
12,第12章 含油子仁...,220,加纳,2310304
12,第12章 含油子仁...,224,肯尼亚,1437492
12,第12章 含油子仁...,233,莫桑比克,161923810
12,第12章 含油子仁...,235,尼日尔,71909182
12,第12章 含油子仁...,244,南非,20381215
12,第12章 含油子仁...,250,乌干达,1198705
12,第12章 含油子仁...,301,比利时,14477
12,第12章 含油子仁...,305,法国,7091832
12,第12章 含油子仁...,307,意大利,42068739
12,第12章 含油子仁...,309,荷兰,566272
12,第12章 含油子仁...,312,西班牙,123692475
12,第12章 含油子仁...,315,奥地利,214096
12,第12章 含油子仁...,316,保加利亚,7873599
12,第12章 含油子仁...,326,挪威,354475
12,第12章 含油子仁...,327,波兰,1381517
12,第12章 含油子仁...,340,白俄罗斯,2970
12,第12章 含油子仁...,408,玻利维亚,3897877
12,第12章 含油子仁...,410,巴西,27041896055
12,第12章 含油子仁...,415,哥斯达黎加,1037124
12,第12章 含油子仁...,429,墨西哥,4004945
12,第12章 含油子仁...,444,乌拉圭,2346123942
12,第12章 含油子仁...,501,加拿大,406516066
13,第13章 虫胶；树...,127,巴基斯坦,7866348
13,第13章 虫胶；树...,129,菲律宾,4013335
13,第13章 虫胶；树...,137,土耳其,167609
13,第13章 虫胶；树...,147,塔吉克斯坦,2612123
13,第13章 虫胶；树...,224,肯尼亚,6292460
13,第13章 虫胶；树...,227,马达加斯加,90
13,第13章 虫胶；树...,235,尼日尔,365246
13,第13章 虫胶；树...,244,南非,549912
13,第13章 虫胶；树...,301,比利时,446950
13,第13章 虫胶；树...,305,法国,19912875
13,第13章 虫胶；树...,307,意大利,6640489
13,第13章 虫胶；树...,309,荷兰,50176
13,第13章 虫胶；树...,312,西班牙,8953865
13,第13章 虫胶；树...,326,挪威,92022
13,第13章 虫胶；树...,410,巴西,1145354
13,第13章 虫胶；树...,429,墨西哥,12708155
13,第13章 虫胶；树...,501,加拿大,2377282
14,第14章 编结用植...,127,巴基斯坦,2648189
14,第14章 编结用植...,129,菲律宾,9307098
14,第14章 编结用植...,137,土耳其,1025694
14,第14章 编结用植...,203,贝宁,267338
14,第14章 编结用植...,213,刚果共和国,288353
14,第14章 编结用植...,227,马达加斯加,241793
14,第14章 编结用植...,305,法国,925723
14,第14章 编结用植...,309,荷兰,542143
14,第14章 编结用植...,315,奥地利,288646
14,第14章 编结用植...,321,匈牙利,37770
14,第14章 编结用植...,327,波兰,117597
14,第14章 编结用植...,410,巴西,360713
14,第14章 编结用植...,429,墨西哥,2360039
15,动、植物或微生物油、...,124,蒙古,748500
15,动、植物或微生物油、...,129,菲律宾,25908866
15,动、植物或微生物油、...,137,土耳其,4298160
15,动、植物或微生物油、...,138,阿联酋,147473379
15,动、植物或微生物油、...,203,贝宁,21600
15,动、植物或微生物油、...,220,加纳,116901
15,动、植物或微生物油、...,224,肯尼亚,44437
15,动、植物或微生物油、...,227,马达加斯加,628712
15,动、植物或微生物油、...,244,南非,75758
15,动、植物或微生物油、...,301,比利时,10652796
15,动、植物或微生物油、...,305,法国,36709886
15,动、植物或微生物油、...,307,意大利,32828611
15,动、植物或微生物油、...,309,荷兰,3071136
15,动、植物或微生物油、...,310,希腊,1461066
15,动、植物或微生物油、...,312,西班牙,154388947
15,动、植物或微生物油、...,315,奥地利,17510
15,动、植物或微生物油、...,316,保加利亚,736761
15,动、植物或微生物油、...,318,芬兰,30000
15,动、植物或微生物油、...,321,匈牙利,3150
15,动、植物或微生物油、...,326,挪威,13656345
15,动、植物或微生物油、...,327,波兰,33711
15,动、植物或微生物油、...,340,白俄罗斯,7901089
15,动、植物或微生物油、...,410,巴西,378265575
15,动、植物或微生物油、...,415,哥斯达黎加,30112
15,动、植物或微生物油、...,429,墨西哥,788031
15,动、植物或微生物油、...,431,尼加拉瓜,2338690
15,动、植物或微生物油、...,444,乌拉圭,2248865
15,动、植物或微生物油、...,501,加拿大,25362203
16,第16章 肉、鱼、...,127,巴基斯坦,2731534
16,第16章 肉、鱼、...,129,菲律宾,4807096
16,第16章 肉、鱼、...,244,南非,382478
16,第16章 肉、鱼、...,305,法国,3328223
16,第16章 肉、鱼、...,307,意大利,589740
16,第16章 肉、鱼、...,312,西班牙,1977084
16,第16章 肉、鱼、...,429,墨西哥,9037895
16,第16章 肉、鱼、...,501,加拿大,4951869
16,第16章 肉、鱼、...,503,格陵兰,1835490
17,第17章 糖及糖食,129,菲律宾,3302740
17,第17章 糖及糖食,137,土耳其,2153350
17,第17章 糖及糖食,301,比利时,3305327
17,第17章 糖及糖食,305,法国,9379351
17,第17章 糖及糖食,307,意大利,5641155
17,第17章 糖及糖食,309,荷兰,3865084
17,第17章 糖及糖食,310,希腊,211650
17,第17章 糖及糖食,312,西班牙,5972139
17,第17章 糖及糖食,313,阿尔巴尼亚,177
17,第17章 糖及糖食,315,奥地利,2266416
17,第17章 糖及糖食,321,匈牙利,256384
17,第17章 糖及糖食,327,波兰,4750227
17,第17章 糖及糖食,410,巴西,2372533161
17,第17章 糖及糖食,429,墨西哥,64734
17,第17章 糖及糖食,501,加拿大,5673446
18,第18章 可可及可...,129,菲律宾,1051210
18,第18章 可可及可...,137,土耳其,8508357
18,第18章 可可及可...,220,加纳,22392963
18,第18章 可可及可...,250,乌干达,26188
18,第18章 可可及可...,301,比利时,46027886
18,第18章 可可及可...,305,法国,25736223
18,第18章 可可及可...,307,意大利,82155504
18,第18章 可可及可...,309,荷兰,8348678
18,第18章 可可及可...,310,希腊,20410
18,第18章 可可及可...,312,西班牙,2226506
18,第18章 可可及可...,315,奥地利,1014457
18,第18章 可可及可...,318,芬兰,534216
18,第18章 可可及可...,321,匈牙利,282318
18,第18章 可可及可...,326,挪威,444492
18,第18章 可可及可...,327,波兰,10459535
18,第18章 可可及可...,340,白俄罗斯,5596986
18,第18章 可可及可...,410,巴西,16072
18,第18章 可可及可...,429,墨西哥,944374
18,第18章 可可及可...,501,加拿大,1404100
19,第19章 谷物、粮...,127,巴基斯坦,114229
19,第19章 谷物、粮...,129,菲律宾,1251715
19,第19章 谷物、粮...,137,土耳其,17472601
19,第19章 谷物、粮...,138,阿联酋,30017
19,第19章 谷物、粮...,301,比利时,8486323
19,第19章 谷物、粮...,305,法国,222988049
19,第19章 谷物、粮...,306,爱尔兰,195471804
19,第19章 谷物、粮...,307,意大利,34592842
19,第19章 谷物、粮...,309,荷兰,1384085121
19,第19章 谷物、粮...,310,希腊,6752468
19,第19章 谷物、粮...,312,西班牙,7174017
19,第19章 谷物、粮...,315,奥地利,49307959
19,第19章 谷物、粮...,316,保加利亚,425483
19,第19章 谷物、粮...,318,芬兰,5022304
19,第19章 谷物、粮...,321,匈牙利,1722805
19,第19章 谷物、粮...,326,挪威,26911
19,第19章 谷物、粮...,327,波兰,2432890
19,第19章 谷物、粮...,340,白俄罗斯,914659
19,第19章 谷物、粮...,429,墨西哥,794103
19,第19章 谷物、粮...,501,加拿大,29384352
20,第20章 蔬菜、水...,108,塞浦路斯,5397868
20,第20章 蔬菜、水...,127,巴基斯坦,1253403
20,第20章 蔬菜、水...,129,菲律宾,61458363
20,第20章 蔬菜、水...,137,土耳其,23215034
20,第20章 蔬菜、水...,138,阿联酋,105367
20,第20章 蔬菜、水...,220,加纳,4669
20,第20章 蔬菜、水...,244,南非,7941375
20,第20章 蔬菜、水...,301,比利时,3409216
20,第20章 蔬菜、水...,305,法国,10688519
20,第20章 蔬菜、水...,307,意大利,10053505
20,第20章 蔬菜、水...,309,荷兰,1668562
20,第20章 蔬菜、水...,310,希腊,1601692
20,第20章 蔬菜、水...,312,西班牙,50251731
20,第20章 蔬菜、水...,315,奥地利,419896
20,第20章 蔬菜、水...,316,保加利亚,158252
20,第20章 蔬菜、水...,321,匈牙利,613
20,第20章 蔬菜、水...,326,挪威,36000
20,第20章 蔬菜、水...,327,波兰,1919247
20,第20章 蔬菜、水...,339,阿塞拜疆,333936
20,第20章 蔬菜、水...,410,巴西,43503353
20,第20章 蔬菜、水...,415,哥斯达黎加,32360974
20,第20章 蔬菜、水...,429,墨西哥,5859373
20,第20章 蔬菜、水...,501,加拿大,6525527
21,第21章 杂项食品,108,塞浦路斯,76505
21,第21章 杂项食品,124,蒙古,656640
21,第21章 杂项食品,127,巴基斯坦,169201
21,第21章 杂项食品,129,菲律宾,2887683
21,第21章 杂项食品,137,土耳其,3310833
21,第21章 杂项食品,138,阿联酋,134437
21,第21章 杂项食品,244,南非,1695206
21,第21章 杂项食品,252,刚果民主共和国,88425
21,第21章 杂项食品,254,津巴布韦,384
21,第21章 杂项食品,301,比利时,10903191
21,第21章 杂项食品,305,法国,51032666
21,第21章 杂项食品,306,爱尔兰,1253614
21,第21章 杂项食品,307,意大利,53891460
21,第21章 杂项食品,309,荷兰,166284612
21,第21章 杂项食品,310,希腊,90787
21,第21章 杂项食品,312,西班牙,35215680
21,第21章 杂项食品,314,安道尔,3407
21,第21章 杂项食品,315,奥地利,2987965
21,第21章 杂项食品,316,保加利亚,5807104
21,第21章 杂项食品,318,芬兰,917393
21,第21章 杂项食品,321,匈牙利,266022
21,第21章 杂项食品,326,挪威,47587532
21,第21章 杂项食品,327,波兰,4374611
21,第21章 杂项食品,350,斯洛文尼亚,270959
21,第21章 杂项食品,410,巴西,10197402
21,第21章 杂项食品,415,哥斯达黎加,3664
21,第21章 杂项食品,429,墨西哥,540999
21,第21章 杂项食品,435,波多黎各,94783
21,第21章 杂项食品,501,加拿大,103459145
21,第21章 杂项食品,617,萨摩亚,135
22,第22章 饮料、酒...,108,塞浦路斯,1162678
22,第22章 饮料、酒...,118,科威特,1398
22,第22章 饮料、酒...,127,巴基斯坦,4031
22,第22章 饮料、酒...,129,菲律宾,321173
22,第22章 饮料、酒...,137,土耳其,5441350
22,第22章 饮料、酒...,138,阿联酋,1772474
22,第22章 饮料、酒...,147,塔吉克斯坦,13200
22,第22章 饮料、酒...,244,南非,15940438
22,第22章 饮料、酒...,301,比利时,49799006
22,第22章 饮料、酒...,305,法国,1241011902
22,第22章 饮料、酒...,306,爱尔兰,10982424
22,第22章 饮料、酒...,307,意大利,85179279
22,第22章 饮料、酒...,309,荷兰,27288356
22,第22章 饮料、酒...,310,希腊,574718
22,第22章 饮料、酒...,312,西班牙,96919536
22,第22章 饮料、酒...,315,奥地利,2934276
22,第22章 饮料、酒...,316,保加利亚,1238665
22,第22章 饮料、酒...,318,芬兰,1589951
22,第22章 饮料、酒...,321,匈牙利,3057357
22,第22章 饮料、酒...,326,挪威,5901438
22,第22章 饮料、酒...,327,波兰,9413459
22,第22章 饮料、酒...,339,阿塞拜疆,319728
22,第22章 饮料、酒...,340,白俄罗斯,747661
22,第22章 饮料、酒...,359,黑山,69
22,第22章 饮料、酒...,405,巴巴多斯,288118
22,第22章 饮料、酒...,410,巴西,1123047
22,第22章 饮料、酒...,427,牙买加,58692
22,第22章 饮料、酒...,429,墨西哥,42335357
22,第22章 饮料、酒...,435,波多黎各,1472442
22,第22章 饮料、酒...,442,特立尼达和多巴哥,240288
22,第22章 饮料、酒...,444,乌拉圭,1254
22,第22章 饮料、酒...,501,加拿大,12120269
23,第23章 食品工业...,127,巴基斯坦,5355005
23,第23章 食品工业...,129,菲律宾,30004725
23,第23章 食品工业...,137,土耳其,86727
23,第23章 食品工业...,138,阿联酋,92285959
23,第23章 食品工业...,244,南非,13917368
23,第23章 食品工业...,301,比利时,1544651
23,第23章 食品工业...,305,法国,18206032
23,第23章 食品工业...,306,爱尔兰,94918
23,第23章 食品工业...,307,意大利,36799131
23,第23章 食品工业...,309,荷兰,54289033
23,第23章 食品工业...,312,西班牙,1210485
23,第23章 食品工业...,315,奥地利,929722
23,第23章 食品工业...,316,保加利亚,326467967
23,第23章 食品工业...,321,匈牙利,1128562
23,第23章 食品工业...,326,挪威,15500756
23,第23章 食品工业...,327,波兰,833396
23,第23章 食品工业...,350,斯洛文尼亚,492839
23,第23章 食品工业...,410,巴西,2309587
23,第23章 食品工业...,429,墨西哥,77013694
23,第23章 食品工业...,444,乌拉圭,9185318
23,第23章 食品工业...,501,加拿大,727859426
24,第24章 烟草、烟...,138,阿联酋,1827952
24,第24章 烟草、烟...,254,津巴布韦,508195040
24,第24章 烟草、烟...,305,法国,58274
24,第24章 烟草、烟...,309,荷兰,8974
24,第24章 烟草、烟...,327,波兰,4467522
24,第24章 烟草、烟...,410,巴西,50687894
24,第24章 烟草、烟...,431,尼加拉瓜,92225
24,第24章 烟草、烟...,501,加拿大,600709
25,第25章 盐；硫磺...,108,塞浦路斯,88892
25,第25章 盐；硫磺...,118,科威特,42199071
25,第25章 盐；硫磺...,124,蒙古,33672293
25,第25章 盐；硫磺...,127,巴基斯坦,18158412
25,第25章 盐；硫磺...,129,菲律宾,5816100
25,第25章 盐；硫磺...,137,土耳其,424730584
25,第25章 盐；硫磺...,138,阿联酋,69989201
25,第25章 盐；硫磺...,147,塔吉克斯坦,608495
25,第25章 盐；硫磺...,220,加纳,3690
25,第25章 盐；硫磺...,224,肯尼亚,275871
25,第25章 盐；硫磺...,227,马达加斯加,17526474
25,第25章 盐；硫磺...,233,莫桑比克,60037491
25,第25章 盐；硫磺...,244,南非,27412109
25,第25章 盐；硫磺...,250,乌干达,338863
25,第25章 盐；硫磺...,254,津巴布韦,26847431
25,第25章 盐；硫磺...,301,比利时,2807190
25,第25章 盐；硫磺...,305,法国,7859669
25,第25章 盐；硫磺...,306,爱尔兰,10392
25,第25章 盐；硫磺...,307,意大利,154072733
25,第25章 盐；硫磺...,309,荷兰,6050306
25,第25章 盐；硫磺...,310,希腊,91357061
25,第25章 盐；硫磺...,312,西班牙,15933104
25,第25章 盐；硫磺...,313,阿尔巴尼亚,4342461
25,第25章 盐；硫磺...,315,奥地利,438416
25,第25章 盐；硫磺...,316,保加利亚,11003194
25,第25章 盐；硫磺...,318,芬兰,3922123
25,第25章 盐；硫磺...,321,匈牙利,359
25,第25章 盐；硫磺...,326,挪威,71234011
25,第25章 盐；硫磺...,327,波兰,1301304
25,第25章 盐；硫磺...,339,阿塞拜疆,6455155
25,第25章 盐；硫磺...,350,斯洛文尼亚,21
25,第25章 盐；硫磺...,359,黑山,442642
25,第25章 盐；硫磺...,408,玻利维亚,5840553
25,第25章 盐；硫磺...,410,巴西,225132169
25,第25章 盐；硫磺...,429,墨西哥,89803868
25,第25章 盐；硫磺...,444,乌拉圭,781860
25,第25章 盐；硫磺...,501,加拿大,69104738
26,第26章 矿砂、矿...,109,朝鲜,29503689
26,第26章 矿砂、矿...,124,蒙古,1907346206
26,第26章 矿砂、矿...,127,巴基斯坦,64383851
26,第26章 矿砂、矿...,129,菲律宾,1764684486
26,第26章 矿砂、矿...,137,土耳其,436242627
26,第26章 矿砂、矿...,138,阿联酋,1477683
26,第26章 矿砂、矿...,147,塔吉克斯坦,96202159
26,第26章 矿砂、矿...,213,刚果共和国,46481594
26,第26章 矿砂、矿...,219,冈比亚,5073393
26,第26章 矿砂、矿...,220,加纳,319805214
26,第26章 矿砂、矿...,224,肯尼亚,35481297
26,第26章 矿砂、矿...,227,马达加斯加,95805064
26,第26章 矿砂、矿...,233,莫桑比克,551325210
26,第26章 矿砂、矿...,244,南非,7795699492
26,第26章 矿砂、矿...,250,乌干达,97275
26,第26章 矿砂、矿...,252,刚果民主共和国,1284423122
26,第26章 矿砂、矿...,254,津巴布韦,126511985
26,第26章 矿砂、矿...,258,厄立特里亚,401646047
26,第26章 矿砂、矿...,301,比利时,2852445
26,第26章 矿砂、矿...,305,法国,1842590
26,第26章 矿砂、矿...,309,荷兰,205503
26,第26章 矿砂、矿...,310,希腊,27098907
26,第26章 矿砂、矿...,312,西班牙,833382481
26,第26章 矿砂、矿...,313,阿尔巴尼亚,57489270
26,第26章 矿砂、矿...,316,保加利亚,52012367
26,第26章 矿砂、矿...,408,玻利维亚,155634164
26,第26章 矿砂、矿...,410,巴西,16270779909
26,第26章 矿砂、矿...,429,墨西哥,2123318030
26,第26章 矿砂、矿...,431,尼加拉瓜,9077724
26,第26章 矿砂、矿...,501,加拿大,1838479943
27,第27章 矿物燃料...,109,朝鲜,9818057
27,第27章 矿物燃料...,118,科威特,14184165842
27,第27章 矿物燃料...,124,蒙古,4268224756
27,第27章 矿物燃料...,127,巴基斯坦,213
27,第27章 矿物燃料...,129,菲律宾,72629862
27,第27章 矿物燃料...,137,土耳其,370754
27,第27章 矿物燃料...,138,阿联酋,14357619980
27,第27章 矿物燃料...,211,乍得,797558342
27,第27章 矿物燃料...,213,刚果共和国,2545551219
27,第27章 矿物燃料...,220,加纳,1409754710
27,第27章 矿物燃料...,244,南非,4708803
27,第27章 矿物燃料...,301,比利时,14794870
27,第27章 矿物燃料...,305,法国,14911952
27,第27章 矿物燃料...,307,意大利,302988065
27,第27章 矿物燃料...,309,荷兰,528302642
27,第27章 矿物燃料...,310,希腊,254397
27,第27章 矿物燃料...,312,西班牙,9881847
27,第27章 矿物燃料...,313,阿尔巴尼亚,82970
27,第27章 矿物燃料...,315,奥地利,264553
27,第27章 矿物燃料...,318,芬兰,1551496
27,第27章 矿物燃料...,326,挪威,445856
27,第27章 矿物燃料...,327,波兰,211163
27,第27章 矿物燃料...,350,斯洛文尼亚,2817
27,第27章 矿物燃料...,410,巴西,9883281138
27,第27章 矿物燃料...,429,墨西哥,331205
27,第27章 矿物燃料...,442,特立尼达和多巴哥,395237144
27,第27章 矿物燃料...,501,加拿大,2543353062
28,第28章 无机化学...,109,朝鲜,1264288
28,第28章 无机化学...,127,巴基斯坦,306
28,第28章 无机化学...,129,菲律宾,22856978
28,第28章 无机化学...,137,土耳其,288095465
28,第28章 无机化学...,138,阿联酋,8801709
28,第28章 无机化学...,224,肯尼亚,3586809
28,第28章 无机化学...,244,南非,6222027
28,第28章 无机化学...,301,比利时,60494685
28,第28章 无机化学...,305,法国,28700557
28,第28章 无机化学...,306,爱尔兰,3979
28,第28章 无机化学...,307,意大利,24698171
28,第28章 无机化学...,309,荷兰,22161856
28,第28章 无机化学...,312,西班牙,3678894
28,第28章 无机化学...,315,奥地利,9789505
28,第28章 无机化学...,316,保加利亚,11852644
28,第28章 无机化学...,318,芬兰,140044232
28,第28章 无机化学...,321,匈牙利,1262168
28,第28章 无机化学...,326,挪威,49576694
28,第28章 无机化学...,327,波兰,2255441
28,第28章 无机化学...,350,斯洛文尼亚,74106
28,第28章 无机化学...,410,巴西,36675423
28,第28章 无机化学...,429,墨西哥,14782980
28,第28章 无机化学...,501,加拿大,47616654
29,第29章 有机化学...,118,科威特,200605155
29,第29章 有机化学...,127,巴基斯坦,169378
29,第29章 有机化学...,129,菲律宾,101783591
29,第29章 有机化学...,137,土耳其,24428406
29,第29章 有机化学...,138,阿联酋,442675966
29,第29章 有机化学...,227,马达加斯加,54065
29,第29章 有机化学...,244,南非,15682465
29,第29章 有机化学...,301,比利时,102304928
29,第29章 有机化学...,305,法国,276644680
29,第29章 有机化学...,306,爱尔兰,596601186
29,第29章 有机化学...,307,意大利,93176189
29,第29章 有机化学...,309,荷兰,81178587
29,第29章 有机化学...,310,希腊,22245
29,第29章 有机化学...,312,西班牙,49252145
29,第29章 有机化学...,315,奥地利,13693412
29,第29章 有机化学...,316,保加利亚,3427684
29,第29章 有机化学...,318,芬兰,47953773
29,第29章 有机化学...,321,匈牙利,46665952
29,第29章 有机化学...,326,挪威,205747410
29,第29章 有机化学...,327,波兰,6591832
29,第29章 有机化学...,336,立陶宛,158897
29,第29章 有机化学...,339,阿塞拜疆,3780928
29,第29章 有机化学...,350,斯洛文尼亚,2423064
29,第29章 有机化学...,404,巴哈马,56494971
29,第29章 有机化学...,410,巴西,43583652
29,第29章 有机化学...,429,墨西哥,13448506
29,第29章 有机化学...,435,波多黎各,35121906
29,第29章 有机化学...,442,特立尼达和多巴哥,126456768
29,第29章 有机化学...,501,加拿大,391091097
30,第30章 药品,129,菲律宾,947905
30,第30章 药品,137,土耳其,4991
30,第30章 药品,244,南非,1489729
30,第30章 药品,301,比利时,365239672
30,第30章 药品,305,法国,1474947676
30,第30章 药品,306,爱尔兰,4037137383
30,第30章 药品,307,意大利,1291097623
30,第30章 药品,309,荷兰,411550750
30,第30章 药品,310,希腊,155930561
30,第30章 药品,312,西班牙,235351456
30,第30章 药品,315,奥地利,159307294
30,第30章 药品,316,保加利亚,326906
30,第30章 药品,318,芬兰,110016670
30,第30章 药品,321,匈牙利,75538303
30,第30章 药品,326,挪威,14689862
30,第30章 药品,327,波兰,43599865
30,第30章 药品,336,立陶宛,6176562
30,第30章 药品,340,白俄罗斯,2406
30,第30章 药品,350,斯洛文尼亚,268027
30,第30章 药品,410,巴西,21054800
30,第30章 药品,415,哥斯达黎加,6312982
30,第30章 药品,429,墨西哥,41604463
30,第30章 药品,435,波多黎各,344563162
30,第30章 药品,442,特立尼达和多巴哥,21753
30,第30章 药品,444,乌拉圭,21559468
30,第30章 药品,501,加拿大,219167326
31,第31章 肥料,109,朝鲜,1282611
31,第31章 肥料,137,土耳其,834169
31,第31章 肥料,244,南非,850850
31,第31章 肥料,301,比利时,21566298
31,第31章 肥料,305,法国,936390
31,第31章 肥料,307,意大利,17439259
31,第31章 肥料,309,荷兰,5808049
31,第31章 肥料,312,西班牙,7745088
31,第31章 肥料,318,芬兰,1816
31,第31章 肥料,326,挪威,63666640
31,第31章 肥料,327,波兰,822733
31,第31章 肥料,340,白俄罗斯,686463539
31,第31章 肥料,410,巴西,407
31,第31章 肥料,501,加拿大,982998013
32,第32章 鞣料浸膏...,127,巴基斯坦,1343581
32,第32章 鞣料浸膏...,129,菲律宾,10169321
32,第32章 鞣料浸膏...,137,土耳其,24670669
32,第32章 鞣料浸膏...,138,阿联酋,23330
32,第32章 鞣料浸膏...,244,南非,5501560
32,第32章 鞣料浸膏...,301,比利时,27944987
32,第32章 鞣料浸膏...,305,法国,50483873
32,第32章 鞣料浸膏...,306,爱尔兰,127584
32,第32章 鞣料浸膏...,307,意大利,83246154
32,第32章 鞣料浸膏...,309,荷兰,28059078
32,第32章 鞣料浸膏...,310,希腊,1843295
32,第32章 鞣料浸膏...,312,西班牙,35149165
32,第32章 鞣料浸膏...,315,奥地利,11056265
32,第32章 鞣料浸膏...,316,保加利亚,188
32,第32章 鞣料浸膏...,318,芬兰,6246168
32,第32章 鞣料浸膏...,321,匈牙利,515597
32,第32章 鞣料浸膏...,326,挪威,1541499
32,第32章 鞣料浸膏...,327,波兰,2306132
32,第32章 鞣料浸膏...,336,立陶宛,36032
32,第32章 鞣料浸膏...,350,斯洛文尼亚,114458
32,第32章 鞣料浸膏...,410,巴西,6055898
32,第32章 鞣料浸膏...,415,哥斯达黎加,189685
32,第32章 鞣料浸膏...,429,墨西哥,22170586
32,第32章 鞣料浸膏...,435,波多黎各,1235916
32,第32章 鞣料浸膏...,501,加拿大,5627264
33,第33章 精油及香...,108,塞浦路斯,9140
33,第33章 精油及香...,127,巴基斯坦,700197
33,第33章 精油及香...,129,菲律宾,1083715
33,第33章 精油及香...,137,土耳其,9234698
33,第33章 精油及香...,138,阿联酋,491714
33,第33章 精油及香...,209,中非,13583
33,第33章 精油及香...,220,加纳,2179
33,第33章 精油及香...,224,肯尼亚,65345
33,第33章 精油及香...,227,马达加斯加,749687
33,第33章 精油及香...,244,南非,2721172
33,第33章 精油及香...,254,津巴布韦,15947
33,第33章 精油及香...,301,比利时,262063422
33,第33章 精油及香...,305,法国,2823851063
33,第33章 精油及香...,306,爱尔兰,35098743
33,第33章 精油及香...,307,意大利,485223610
33,第33章 精油及香...,309,荷兰,47255467
33,第33章 精油及香...,310,希腊,7311227
33,第33章 精油及香...,312,西班牙,208413290
33,第33章 精油及香...,313,阿尔巴尼亚,10047
33,第33章 精油及香...,315,奥地利,125181
33,第33章 精油及香...,316,保加利亚,1694125
33,第33章 精油及香...,318,芬兰,10112242
33,第33章 精油及香...,321,匈牙利,3376072
33,第33章 精油及香...,326,挪威,374190
33,第33章 精油及香...,327,波兰,256205257
33,第33章 精油及香...,336,立陶宛,21536
33,第33章 精油及香...,350,斯洛文尼亚,1065184
33,第33章 精油及香...,359,黑山,6308
33,第33章 精油及香...,410,巴西,20446111
33,第33章 精油及香...,427,牙买加,237
33,第33章 精油及香...,429,墨西哥,5465994
33,第33章 精油及香...,444,乌拉圭,35903
33,第33章 精油及香...,446,英属维尔京群岛,19096
33,第33章 精油及香...,501,加拿大,189595871
33,第33章 精油及香...,614,汤加,682
34,第34章 肥皂、有...,108,塞浦路斯,956
34,第34章 肥皂、有...,127,巴基斯坦,1112
34,第34章 肥皂、有...,129,菲律宾,3423894
34,第34章 肥皂、有...,137,土耳其,2984837
34,第34章 肥皂、有...,138,阿联酋,518538
34,第34章 肥皂、有...,209,中非,70
34,第34章 肥皂、有...,220,加纳,381
34,第34章 肥皂、有...,224,肯尼亚,7548
34,第34章 肥皂、有...,244,南非,40075
34,第34章 肥皂、有...,301,比利时,53838938
34,第34章 肥皂、有...,305,法国,247113407
34,第34章 肥皂、有...,306,爱尔兰,16854801
34,第34章 肥皂、有...,307,意大利,111640926
34,第34章 肥皂、有...,309,荷兰,26444623
34,第34章 肥皂、有...,310,希腊,3614283
34,第34章 肥皂、有...,312,西班牙,34904327
34,第34章 肥皂、有...,315,奥地利,10312180
34,第34章 肥皂、有...,316,保加利亚,18031
34,第34章 肥皂、有...,318,芬兰,17413344
34,第34章 肥皂、有...,321,匈牙利,1193662
34,第34章 肥皂、有...,326,挪威,5054322
34,第34章 肥皂、有...,327,波兰,26746643
34,第34章 肥皂、有...,336,立陶宛,5601
34,第34章 肥皂、有...,350,斯洛文尼亚,286688
34,第34章 肥皂、有...,410,巴西,5194216
34,第34章 肥皂、有...,429,墨西哥,375331
34,第34章 肥皂、有...,446,英属维尔京群岛,823
34,第34章 肥皂、有...,501,加拿大,12105262
35,第35章 蛋白类物...,127,巴基斯坦,388
35,第35章 蛋白类物...,129,菲律宾,10
35,第35章 蛋白类物...,137,土耳其,11094
35,第35章 蛋白类物...,138,阿联酋,1086346
35,第35章 蛋白类物...,244,南非,19853
35,第35章 蛋白类物...,301,比利时,7977413
35,第35章 蛋白类物...,305,法国,100507352
35,第35章 蛋白类物...,306,爱尔兰,22247239
35,第35章 蛋白类物...,307,意大利,30425009
35,第35章 蛋白类物...,309,荷兰,56010561
35,第35章 蛋白类物...,310,希腊,6194856
35,第35章 蛋白类物...,312,西班牙,9135160
35,第35章 蛋白类物...,315,奥地利,4092109
35,第35章 蛋白类物...,316,保加利亚,2043735
35,第35章 蛋白类物...,318,芬兰,5025406
35,第35章 蛋白类物...,321,匈牙利,427074
35,第35章 蛋白类物...,326,挪威,96590
35,第35章 蛋白类物...,327,波兰,20395077
35,第35章 蛋白类物...,336,立陶宛,1597977
35,第35章 蛋白类物...,350,斯洛文尼亚,5004
35,第35章 蛋白类物...,410,巴西,1579946
35,第35章 蛋白类物...,429,墨西哥,7696265
35,第35章 蛋白类物...,435,波多黎各,261788
35,第35章 蛋白类物...,501,加拿大,5624483
36,第36章 炸药；烟...,305,法国,1034834
36,第36章 炸药；烟...,429,墨西哥,3302636
36,第36章 炸药；烟...,501,加拿大,722847
37,第37章 照相及电...,137,土耳其,47939
37,第37章 照相及电...,301,比利时,55632021
37,第37章 照相及电...,305,法国,2631485
37,第37章 照相及电...,306,爱尔兰,26369
37,第37章 照相及电...,307,意大利,2927
37,第37章 照相及电...,309,荷兰,7345077
37,第37章 照相及电...,318,芬兰,483989
37,第37章 照相及电...,429,墨西哥,10132707
38,第38章 杂项化学...,108,塞浦路斯,13477
38,第38章 杂项化学...,109,朝鲜,3045597
38,第38章 杂项化学...,124,蒙古,12909
38,第38章 杂项化学...,127,巴基斯坦,257709
38,第38章 杂项化学...,129,菲律宾,83827820
38,第38章 杂项化学...,137,土耳其,4292188
38,第38章 杂项化学...,138,阿联酋,4523754
38,第38章 杂项化学...,244,南非,50500431
38,第38章 杂项化学...,250,乌干达,8076179
38,第38章 杂项化学...,301,比利时,69910534
38,第38章 杂项化学...,305,法国,419951811
38,第38章 杂项化学...,306,爱尔兰,221664446
38,第38章 杂项化学...,307,意大利,362045432
38,第38章 杂项化学...,309,荷兰,58641606
38,第38章 杂项化学...,310,希腊,2033973
38,第38章 杂项化学...,312,西班牙,98542966
38,第38章 杂项化学...,315,奥地利,26710075
38,第38章 杂项化学...,316,保加利亚,1077552
38,第38章 杂项化学...,318,芬兰,64289845
38,第38章 杂项化学...,321,匈牙利,7044140
38,第38章 杂项化学...,326,挪威,46370883
38,第38章 杂项化学...,327,波兰,17024287
38,第38章 杂项化学...,336,立陶宛,3188454
38,第38章 杂项化学...,339,阿塞拜疆,370043
38,第38章 杂项化学...,350,斯洛文尼亚,383529
38,第38章 杂项化学...,408,玻利维亚,132130
38,第38章 杂项化学...,410,巴西,12385447
38,第38章 杂项化学...,415,哥斯达黎加,4681912
38,第38章 杂项化学...,429,墨西哥,16357719
38,第38章 杂项化学...,435,波多黎各,10067082
38,第38章 杂项化学...,444,乌拉圭,490079
38,第38章 杂项化学...,501,加拿大,60024840
39,第39章 塑料及其...,108,塞浦路斯,48
39,第39章 塑料及其...,118,科威特,151165151
39,第39章 塑料及其...,124,蒙古,20417
39,第39章 塑料及其...,127,巴基斯坦,2524046
39,第39章 塑料及其...,129,菲律宾,48855036
39,第39章 塑料及其...,137,土耳其,15379929
39,第39章 塑料及其...,138,阿联酋,1449583108
39,第39章 塑料及其...,219,冈比亚,42807
39,第39章 塑料及其...,220,加纳,187965
39,第39章 塑料及其...,224,肯尼亚,202010
39,第39章 塑料及其...,227,马达加斯加,10569
39,第39章 塑料及其...,235,尼日尔,6255
39,第39章 塑料及其...,239,圣多美和普林西比,32
39,第39章 塑料及其...,244,南非,24277408
39,第39章 塑料及其...,301,比利时,421522370
39,第39章 塑料及其...,305,法国,412075669
39,第39章 塑料及其...,306,爱尔兰,42116060
39,第39章 塑料及其...,307,意大利,404765767
39,第39章 塑料及其...,309,荷兰,412703648
39,第39章 塑料及其...,310,希腊,10200027
39,第39章 塑料及其...,312,西班牙,451709641
39,第39章 塑料及其...,315,奥地利,144665221
39,第39章 塑料及其...,316,保加利亚,3193420
39,第39章 塑料及其...,318,芬兰,33486500
39,第39章 塑料及其...,321,匈牙利,14746472
39,第39章 塑料及其...,326,挪威,53065404
39,第39章 塑料及其...,327,波兰,43286583
39,第39章 塑料及其...,336,立陶宛,18928
39,第39章 塑料及其...,339,阿塞拜疆,31625211
39,第39章 塑料及其...,340,白俄罗斯,17432
39,第39章 塑料及其...,350,斯洛文尼亚,20330532
39,第39章 塑料及其...,410,巴西,83685284
39,第39章 塑料及其...,415,哥斯达黎加,3577057
39,第39章 塑料及其...,429,墨西哥,62881931
39,第39章 塑料及其...,431,尼加拉瓜,6472
39,第39章 塑料及其...,435,波多黎各,800591
39,第39章 塑料及其...,442,特立尼达和多巴哥,157
39,第39章 塑料及其...,501,加拿大,174431995
39,第39章 塑料及其...,699,大洋洲其他国家(地区),204
40,第40章 橡胶及其...,108,塞浦路斯,160577
40,第40章 橡胶及其...,127,巴基斯坦,1521185
40,第40章 橡胶及其...,129,菲律宾,34329202
40,第40章 橡胶及其...,137,土耳其,14442201
40,第40章 橡胶及其...,138,阿联酋,168741
40,第40章 橡胶及其...,220,加纳,1674
40,第40章 橡胶及其...,244,南非,1244660
40,第40章 橡胶及其...,301,比利时,20922315
40,第40章 橡胶及其...,305,法国,135717788
40,第40章 橡胶及其...,306,爱尔兰,1042848
40,第40章 橡胶及其...,307,意大利,128725250
40,第40章 橡胶及其...,309,荷兰,12167513
40,第40章 橡胶及其...,310,希腊,176280
40,第40章 橡胶及其...,312,西班牙,58470682
40,第40章 橡胶及其...,313,阿尔巴尼亚,23479
40,第40章 橡胶及其...,314,安道尔,257
40,第40章 橡胶及其...,315,奥地利,14562457
40,第40章 橡胶及其...,316,保加利亚,6701844
40,第40章 橡胶及其...,318,芬兰,3380487
40,第40章 橡胶及其...,321,匈牙利,31111399
40,第40章 橡胶及其...,326,挪威,1588164
40,第40章 橡胶及其...,327,波兰,59608827
40,第40章 橡胶及其...,336,立陶宛,766
40,第40章 橡胶及其...,340,白俄罗斯,387
40,第40章 橡胶及其...,350,斯洛文尼亚,6730430
40,第40章 橡胶及其...,404,巴哈马,14742
40,第40章 橡胶及其...,410,巴西,8359562
40,第40章 橡胶及其...,415,哥斯达黎加,485680
40,第40章 橡胶及其...,429,墨西哥,43926603
40,第40章 橡胶及其...,501,加拿大,17423742
41,第41章 生皮（毛...,124,蒙古,2132625
41,第41章 生皮（毛...,127,巴基斯坦,19377358
41,第41章 生皮（毛...,129,菲律宾,30191
41,第41章 生皮（毛...,137,土耳其,1902783
41,第41章 生皮（毛...,147,塔吉克斯坦,326720
41,第41章 生皮（毛...,203,贝宁,3756353
41,第41章 生皮（毛...,220,加纳,8353785
41,第41章 生皮（毛...,224,肯尼亚,1770981
41,第41章 生皮（毛...,244,南非,5363377
41,第41章 生皮（毛...,250,乌干达,812316
41,第41章 生皮（毛...,254,津巴布韦,484215
41,第41章 生皮（毛...,299,非洲其他国家(地区),224221
41,第41章 生皮（毛...,301,比利时,2035668
41,第41章 生皮（毛...,305,法国,30108940
41,第41章 生皮（毛...,306,爱尔兰,35863273
41,第41章 生皮（毛...,307,意大利,138341264
41,第41章 生皮（毛...,309,荷兰,23943273
41,第41章 生皮（毛...,310,希腊,1338
41,第41章 生皮（毛...,312,西班牙,32835942
41,第41章 生皮（毛...,315,奥地利,3535215
41,第41章 生皮（毛...,318,芬兰,84566
41,第41章 生皮（毛...,327,波兰,5371543
41,第41章 生皮（毛...,339,阿塞拜疆,1816923
41,第41章 生皮（毛...,340,白俄罗斯,1229992
41,第41章 生皮（毛...,350,斯洛文尼亚,169753
41,第41章 生皮（毛...,408,玻利维亚,1397714
41,第41章 生皮（毛...,410,巴西,234610382
41,第41章 生皮（毛...,415,哥斯达黎加,2199426
41,第41章 生皮（毛...,429,墨西哥,29389066
41,第41章 生皮（毛...,444,乌拉圭,5978120
41,第41章 生皮（毛...,501,加拿大,52974761
42,第42章 皮革制品...,124,蒙古,1801
42,第42章 皮革制品...,127,巴基斯坦,1680456
42,第42章 皮革制品...,129,菲律宾,36192443
42,第42章 皮革制品...,137,土耳其,13427346
42,第42章 皮革制品...,138,阿联酋,9914
42,第42章 皮革制品...,220,加纳,1248
42,第42章 皮革制品...,224,肯尼亚,105564
42,第42章 皮革制品...,227,马达加斯加,333550
42,第42章 皮革制品...,244,南非,548
42,第42章 皮革制品...,301,比利时,2112968
42,第42章 皮革制品...,305,法国,848844386
42,第42章 皮革制品...,306,爱尔兰,161290
42,第42章 皮革制品...,307,意大利,1224605220
42,第42章 皮革制品...,309,荷兰,754702
42,第42章 皮革制品...,310,希腊,45672
42,第42章 皮革制品...,312,西班牙,104962121
42,第42章 皮革制品...,313,阿尔巴尼亚,11617
42,第42章 皮革制品...,314,安道尔,4028
42,第42章 皮革制品...,315,奥地利,82514
42,第42章 皮革制品...,316,保加利亚,4190386
42,第42章 皮革制品...,318,芬兰,70408
42,第42章 皮革制品...,321,匈牙利,4308069
42,第42章 皮革制品...,327,波兰,1316693
42,第42章 皮革制品...,336,立陶宛,464
42,第42章 皮革制品...,340,白俄罗斯,61
42,第42章 皮革制品...,350,斯洛文尼亚,211563
42,第42章 皮革制品...,408,玻利维亚,5649
42,第42章 皮革制品...,410,巴西,204469
42,第42章 皮革制品...,429,墨西哥,2495709
42,第42章 皮革制品...,431,尼加拉瓜,868
42,第42章 皮革制品...,501,加拿大,675995
43,第43章 毛皮、人...,129,菲律宾,299912
43,第43章 毛皮、人...,137,土耳其,5297591
43,第43章 毛皮、人...,301,比利时,103486
43,第43章 毛皮、人...,305,法国,10993715
43,第43章 毛皮、人...,307,意大利,25474569
43,第43章 毛皮、人...,310,希腊,161891
43,第43章 毛皮、人...,312,西班牙,3858986
43,第43章 毛皮、人...,318,芬兰,61348366
43,第43章 毛皮、人...,321,匈牙利,135676
43,第43章 毛皮、人...,327,波兰,5773
43,第43章 毛皮、人...,336,立陶宛,107
43,第43章 毛皮、人...,410,巴西,661851
43,第43章 毛皮、人...,501,加拿大,214898
44,第44章 木及木制...,124,蒙古,118257
44,第44章 木及木制...,127,巴基斯坦,159968
44,第44章 木及木制...,129,菲律宾,54306337
44,第44章 木及木制...,137,土耳其,1285545
44,第44章 木及木制...,138,阿联酋,32452
44,第44章 木及木制...,203,贝宁,909761
44,第44章 木及木制...,209,中非,12875612
44,第44章 木及木制...,213,刚果共和国,111206693
44,第44章 木及木制...,219,冈比亚,59504439
44,第44章 木及木制...,220,加纳,11599745
44,第44章 木及木制...,224,肯尼亚,989629
44,第44章 木及木制...,227,马达加斯加,302821
44,第44章 木及木制...,233,莫桑比克,56290737
44,第44章 木及木制...,244,南非,66692122
44,第44章 木及木制...,250,乌干达,11529748
44,第44章 木及木制...,252,刚果民主共和国,27112996
44,第44章 木及木制...,254,津巴布韦,200711
44,第44章 木及木制...,301,比利时,40489174
44,第44章 木及木制...,305,法国,231494135
44,第44章 木及木制...,306,爱尔兰,1249
44,第44章 木及木制...,307,意大利,50252775
44,第44章 木及木制...,309,荷兰,4911077
44,第44章 木及木制...,312,西班牙,23967837
44,第44章 木及木制...,315,奥地利,27299539
44,第44章 木及木制...,318,芬兰,108239041
44,第44章 木及木制...,321,匈牙利,11255514
44,第44章 木及木制...,326,挪威,6908216
44,第44章 木及木制...,327,波兰,93509563
44,第44章 木及木制...,336,立陶宛,254
44,第44章 木及木制...,340,白俄罗斯,128182177
44,第44章 木及木制...,350,斯洛文尼亚,15226168
44,第44章 木及木制...,359,黑山,447040
44,第44章 木及木制...,408,玻利维亚,21611631
44,第44章 木及木制...,410,巴西,218922190
44,第44章 木及木制...,415,哥斯达黎加,3168525
44,第44章 木及木制...,429,墨西哥,50119569
44,第44章 木及木制...,431,尼加拉瓜,324378
44,第44章 木及木制...,444,乌拉圭,14527489
44,第44章 木及木制...,501,加拿大,398856786
45,第45章 软木及软...,129,菲律宾,53272
45,第45章 软木及软...,305,法国,2358611
45,第45章 软木及软...,307,意大利,1384408
45,第45章 软木及软...,309,荷兰,13643
45,第45章 软木及软...,312,西班牙,972105
45,第45章 软木及软...,327,波兰,820
45,第45章 软木及软...,429,墨西哥,248
45,第45章 软木及软...,501,加拿大,6587
46,第46章 稻草、秸...,129,菲律宾,93758
46,第46章 稻草、秸...,227,马达加斯加,164323
46,第46章 稻草、秸...,305,法国,3584944
46,第46章 稻草、秸...,307,意大利,821829
46,第46章 稻草、秸...,312,西班牙,243079
47,第47章 木浆及其...,118,科威特,664790
47,第47章 木浆及其...,129,菲律宾,10770502
47,第47章 木浆及其...,244,南非,60934517
47,第47章 木浆及其...,305,法国,40000982
47,第47章 木浆及其...,312,西班牙,7594939
47,第47章 木浆及其...,315,奥地利,103686887
47,第47章 木浆及其...,318,芬兰,956803960
47,第47章 木浆及其...,326,挪威,12658731
47,第47章 木浆及其...,410,巴西,4080096279
47,第47章 木浆及其...,444,乌拉圭,430194610
47,第47章 木浆及其...,501,加拿大,1364099865
48,第48章 纸及纸板...,118,科威特,1725
48,第48章 纸及纸板...,124,蒙古,14151
48,第48章 纸及纸板...,127,巴基斯坦,385171
48,第48章 纸及纸板...,129,菲律宾,124415
48,第48章 纸及纸板...,137,土耳其,2180688
48,第48章 纸及纸板...,138,阿联酋,484561
48,第48章 纸及纸板...,224,肯尼亚,6823
48,第48章 纸及纸板...,244,南非,541360
48,第48章 纸及纸板...,250,乌干达,106884
48,第48章 纸及纸板...,301,比利时,1352886
48,第48章 纸及纸板...,305,法国,69431763
48,第48章 纸及纸板...,306,爱尔兰,2284626
48,第48章 纸及纸板...,307,意大利,49599661
48,第48章 纸及纸板...,309,荷兰,7024349
48,第48章 纸及纸板...,310,希腊,22092
48,第48章 纸及纸板...,312,西班牙,4649174
48,第48章 纸及纸板...,313,阿尔巴尼亚,776475
48,第48章 纸及纸板...,315,奥地利,49017522
48,第48章 纸及纸板...,316,保加利亚,927496
48,第48章 纸及纸板...,318,芬兰,47697864
48,第48章 纸及纸板...,321,匈牙利,1981181
48,第48章 纸及纸板...,326,挪威,834879
48,第48章 纸及纸板...,327,波兰,8940675
48,第48章 纸及纸板...,336,立陶宛,11866
48,第48章 纸及纸板...,339,阿塞拜疆,381
48,第48章 纸及纸板...,340,白俄罗斯,10892
48,第48章 纸及纸板...,350,斯洛文尼亚,213678
48,第48章 纸及纸板...,410,巴西,5604582
48,第48章 纸及纸板...,415,哥斯达黎加,158733
48,第48章 纸及纸板...,429,墨西哥,721653
48,第48章 纸及纸板...,435,波多黎各,554
48,第48章 纸及纸板...,501,加拿大,41963374
48,第48章 纸及纸板...,699,大洋洲其他国家(地区),325
49,第49章 书籍、报...,118,科威特,204
49,第49章 书籍、报...,129,菲律宾,20599
49,第49章 书籍、报...,137,土耳其,160124
49,第49章 书籍、报...,138,阿联酋,89047
49,第49章 书籍、报...,208,佛得角,12810
49,第49章 书籍、报...,244,南非,116
49,第49章 书籍、报...,301,比利时,735586
49,第49章 书籍、报...,305,法国,10074063
49,第49章 书籍、报...,306,爱尔兰,59227605
49,第49章 书籍、报...,307,意大利,8185465
49,第49章 书籍、报...,309,荷兰,16244810
49,第49章 书籍、报...,310,希腊,102054
49,第49章 书籍、报...,312,西班牙,155325
49,第49章 书籍、报...,315,奥地利,44512112
49,第49章 书籍、报...,316,保加利亚,181630
49,第49章 书籍、报...,318,芬兰,4525833
49,第49章 书籍、报...,321,匈牙利,288136
49,第49章 书籍、报...,326,挪威,689921
49,第49章 书籍、报...,327,波兰,1363183
49,第49章 书籍、报...,336,立陶宛,103
49,第49章 书籍、报...,340,白俄罗斯,713
49,第49章 书籍、报...,350,斯洛文尼亚,445
49,第49章 书籍、报...,410,巴西,196
49,第49章 书籍、报...,429,墨西哥,67296882
49,第49章 书籍、报...,435,波多黎各,238
49,第49章 书籍、报...,444,乌拉圭,318
49,第49章 书籍、报...,501,加拿大,6911202
50,第50章 蚕丝,109,朝鲜,7853200
50,第50章 蚕丝,305,法国,260807
50,第50章 蚕丝,307,意大利,2736923
50,第50章 蚕丝,312,西班牙,1514
50,第50章 蚕丝,326,挪威,798
50,第50章 蚕丝,410,巴西,1092621
51,第51章 羊毛、动...,124,蒙古,270857620
51,第51章 羊毛、动...,127,巴基斯坦,1683259
51,第51章 羊毛、动...,137,土耳其,2795593
51,第51章 羊毛、动...,147,塔吉克斯坦,343331
51,第51章 羊毛、动...,244,南非,10186
51,第51章 羊毛、动...,301,比利时,690980
51,第51章 羊毛、动...,305,法国,2100216
51,第51章 羊毛、动...,306,爱尔兰,859486
51,第51章 羊毛、动...,307,意大利,136596006
51,第51章 羊毛、动...,309,荷兰,40193
51,第51章 羊毛、动...,312,西班牙,3213282
51,第51章 羊毛、动...,315,奥地利,62557
51,第51章 羊毛、动...,316,保加利亚,136989
51,第51章 羊毛、动...,321,匈牙利,383909
51,第51章 羊毛、动...,326,挪威,322943
51,第51章 羊毛、动...,340,白俄罗斯,33252
51,第51章 羊毛、动...,429,墨西哥,78286
51,第51章 羊毛、动...,444,乌拉圭,13641563
51,第51章 羊毛、动...,501,加拿大,13403
52,第52章 棉花,127,巴基斯坦,304671959
52,第52章 棉花,137,土耳其,17937554
52,第52章 棉花,203,贝宁,37497896
52,第52章 棉花,301,比利时,98256
52,第52章 棉花,305,法国,640646
52,第52章 棉花,306,爱尔兰,8156
52,第52章 棉花,307,意大利,29497931
52,第52章 棉花,309,荷兰,8134
52,第52章 棉花,310,希腊,24329
52,第52章 棉花,312,西班牙,676012
52,第52章 棉花,315,奥地利,177290
52,第52章 棉花,316,保加利亚,88755
52,第52章 棉花,318,芬兰,3451
52,第52章 棉花,326,挪威,58028
52,第52章 棉花,327,波兰,40
52,第52章 棉花,410,巴西,235937280
52,第52章 棉花,415,哥斯达黎加,982433
52,第52章 棉花,429,墨西哥,3270595
53,第53章 其他植物...,129,菲律宾,5030931
53,第53章 其他植物...,137,土耳其,4296
53,第53章 其他植物...,224,肯尼亚,1580936
53,第53章 其他植物...,301,比利时,43930707
53,第53章 其他植物...,305,法国,190025785
53,第53章 其他植物...,307,意大利,12247557
53,第53章 其他植物...,310,希腊,120
53,第53章 其他植物...,312,西班牙,9393
53,第53章 其他植物...,316,保加利亚,11689
53,第53章 其他植物...,340,白俄罗斯,5312180
53,第53章 其他植物...,410,巴西,24159606
53,第53章 其他植物...,429,墨西哥,1139596
53,第53章 其他植物...,501,加拿大,5325
54,第54章 化学纤维...,127,巴基斯坦,305239
54,第54章 化学纤维...,129,菲律宾,161586
54,第54章 化学纤维...,137,土耳其,6460836
54,第54章 化学纤维...,138,阿联酋,3573073
54,第54章 化学纤维...,301,比利时,955160
54,第54章 化学纤维...,305,法国,1607837
54,第54章 化学纤维...,306,爱尔兰,457783
54,第54章 化学纤维...,307,意大利,29664802
54,第54章 化学纤维...,309,荷兰,27192388
54,第54章 化学纤维...,310,希腊,2534
54,第54章 化学纤维...,312,西班牙,4194317
54,第54章 化学纤维...,315,奥地利,652162
54,第54章 化学纤维...,316,保加利亚,65261
54,第54章 化学纤维...,318,芬兰,29
54,第54章 化学纤维...,321,匈牙利,18041
54,第54章 化学纤维...,326,挪威,1718
54,第54章 化学纤维...,327,波兰,2133477
54,第54章 化学纤维...,340,白俄罗斯,776410
54,第54章 化学纤维...,350,斯洛文尼亚,1547197
54,第54章 化学纤维...,410,巴西,230153
54,第54章 化学纤维...,429,墨西哥,2718641
54,第54章 化学纤维...,501,加拿大,1482476
55,第55章 化学纤维...,127,巴基斯坦,1447264
55,第55章 化学纤维...,129,菲律宾,8171
55,第55章 化学纤维...,137,土耳其,15129802
55,第55章 化学纤维...,244,南非,24433
55,第55章 化学纤维...,301,比利时,1522011
55,第55章 化学纤维...,305,法国,3757960
55,第55章 化学纤维...,306,爱尔兰,759
55,第55章 化学纤维...,307,意大利,6755232
55,第55章 化学纤维...,309,荷兰,1748273
55,第55章 化学纤维...,310,希腊,1532
55,第55章 化学纤维...,312,西班牙,12627327
55,第55章 化学纤维...,315,奥地利,279583683
55,第55章 化学纤维...,316,保加利亚,346413
55,第55章 化学纤维...,321,匈牙利,1257350
55,第55章 化学纤维...,327,波兰,147769
55,第55章 化学纤维...,350,斯洛文尼亚,6659
55,第55章 化学纤维...,410,巴西,195115
55,第55章 化学纤维...,429,墨西哥,13313413
56,第56章 絮胎、毡...,127,巴基斯坦,13902
56,第56章 絮胎、毡...,129,菲律宾,45295
56,第56章 絮胎、毡...,137,土耳其,698013
56,第56章 絮胎、毡...,138,阿联酋,191677
56,第56章 絮胎、毡...,227,马达加斯加,522242
56,第56章 絮胎、毡...,244,南非,7653
56,第56章 絮胎、毡...,301,比利时,1670194
56,第56章 絮胎、毡...,305,法国,7747357
56,第56章 絮胎、毡...,306,爱尔兰,199384
56,第56章 絮胎、毡...,307,意大利,45588554
56,第56章 絮胎、毡...,309,荷兰,11516113
56,第56章 絮胎、毡...,310,希腊,9501
56,第56章 絮胎、毡...,312,西班牙,467533
56,第56章 絮胎、毡...,315,奥地利,1103410
56,第56章 絮胎、毡...,316,保加利亚,16943
56,第56章 絮胎、毡...,318,芬兰,1068555
56,第56章 絮胎、毡...,321,匈牙利,28624
56,第56章 絮胎、毡...,326,挪威,1189
56,第56章 絮胎、毡...,327,波兰,835801
56,第56章 絮胎、毡...,336,立陶宛,46558
56,第56章 絮胎、毡...,350,斯洛文尼亚,321763
56,第56章 絮胎、毡...,410,巴西,401088
56,第56章 絮胎、毡...,429,墨西哥,599303
56,第56章 絮胎、毡...,501,加拿大,1533311
57,第57章 地毯及纺...,127,巴基斯坦,151243
57,第57章 地毯及纺...,129,菲律宾,38239
57,第57章 地毯及纺...,137,土耳其,10347574
57,第57章 地毯及纺...,244,南非,3000
57,第57章 地毯及纺...,301,比利时,1246783
57,第57章 地毯及纺...,305,法国,630959
57,第57章 地毯及纺...,306,爱尔兰,587825
57,第57章 地毯及纺...,307,意大利,4126393
57,第57章 地毯及纺...,309,荷兰,994690
57,第57章 地毯及纺...,312,西班牙,910967
57,第57章 地毯及纺...,315,奥地利,2282
57,第57章 地毯及纺...,321,匈牙利,39215
57,第57章 地毯及纺...,327,波兰,901675
57,第57章 地毯及纺...,410,巴西,1465
57,第57章 地毯及纺...,429,墨西哥,46278
58,第58章 特种机织...,127,巴基斯坦,44178
58,第58章 特种机织...,129,菲律宾,6203735
58,第58章 特种机织...,137,土耳其,1003214
58,第58章 特种机织...,138,阿联酋,7
58,第58章 特种机织...,301,比利时,2815105
58,第58章 特种机织...,305,法国,5198707
58,第58章 特种机织...,307,意大利,12830634
58,第58章 特种机织...,309,荷兰,235760
58,第58章 特种机织...,310,希腊,1788
58,第58章 特种机织...,312,西班牙,1614184
58,第58章 特种机织...,315,奥地利,305603
58,第58章 特种机织...,316,保加利亚,48364
58,第58章 特种机织...,318,芬兰,48547
58,第58章 特种机织...,321,匈牙利,379070
58,第58章 特种机织...,326,挪威,51
58,第58章 特种机织...,327,波兰,153892
58,第58章 特种机织...,336,立陶宛,34
58,第58章 特种机织...,350,斯洛文尼亚,54688
58,第58章 特种机织...,410,巴西,40503
58,第58章 特种机织...,415,哥斯达黎加,4241
58,第58章 特种机织...,429,墨西哥,152050
58,第58章 特种机织...,501,加拿大,137521
59,第59章 浸渍、涂...,129,菲律宾,37585041
59,第59章 浸渍、涂...,137,土耳其,2704291
59,第59章 浸渍、涂...,138,阿联酋,4163
59,第59章 浸渍、涂...,244,南非,328
59,第59章 浸渍、涂...,301,比利时,8699507
59,第59章 浸渍、涂...,305,法国,6351354
59,第59章 浸渍、涂...,306,爱尔兰,46570
59,第59章 浸渍、涂...,307,意大利,34549897
59,第59章 浸渍、涂...,309,荷兰,3435574
59,第59章 浸渍、涂...,312,西班牙,3861021
59,第59章 浸渍、涂...,315,奥地利,4801529
59,第59章 浸渍、涂...,316,保加利亚,302488
59,第59章 浸渍、涂...,318,芬兰,8415505
59,第59章 浸渍、涂...,321,匈牙利,4324001
59,第59章 浸渍、涂...,327,波兰,6780506
59,第59章 浸渍、涂...,350,斯洛文尼亚,581272
59,第59章 浸渍、涂...,410,巴西,2026122
59,第59章 浸渍、涂...,415,哥斯达黎加,34081
59,第59章 浸渍、涂...,429,墨西哥,2221941
59,第59章 浸渍、涂...,501,加拿大,2024303
60,第60章 针织物及...,127,巴基斯坦,768040
60,第60章 针织物及...,129,菲律宾,4038
60,第60章 针织物及...,137,土耳其,573822
60,第60章 针织物及...,138,阿联酋,26209
60,第60章 针织物及...,301,比利时,179282
60,第60章 针织物及...,305,法国,1431765
60,第60章 针织物及...,307,意大利,26491586
60,第60章 针织物及...,309,荷兰,205301
60,第60章 针织物及...,310,希腊,428
60,第60章 针织物及...,312,西班牙,451299
60,第60章 针织物及...,315,奥地利,1338934
60,第60章 针织物及...,316,保加利亚,73950
60,第60章 针织物及...,318,芬兰,14354
60,第60章 针织物及...,327,波兰,102024
60,第60章 针织物及...,410,巴西,766585
60,第60章 针织物及...,429,墨西哥,356819
60,第60章 针织物及...,501,加拿大,5090
61,第61章 针织或钩...,108,塞浦路斯,60
61,第61章 针织或钩...,124,蒙古,1759085
61,第61章 针织或钩...,127,巴基斯坦,64713052
61,第61章 针织或钩...,129,菲律宾,27129322
61,第61章 针织或钩...,137,土耳其,89158389
61,第61章 针织或钩...,138,阿联酋,5400
61,第61章 针织或钩...,147,塔吉克斯坦,6023
61,第61章 针织或钩...,224,肯尼亚,2177241
61,第61章 针织或钩...,227,马达加斯加,4754166
61,第61章 针织或钩...,301,比利时,900341
61,第61章 针织或钩...,305,法国,8546164
61,第61章 针织或钩...,306,爱尔兰,1124217
61,第61章 针织或钩...,307,意大利,564333004
61,第61章 针织或钩...,309,荷兰,92360
61,第61章 针织或钩...,310,希腊,1032739
61,第61章 针织或钩...,312,西班牙,1918665
61,第61章 针织或钩...,313,阿尔巴尼亚,4094911
61,第61章 针织或钩...,314,安道尔,1316
61,第61章 针织或钩...,315,奥地利,623945
61,第61章 针织或钩...,316,保加利亚,17028540
61,第61章 针织或钩...,318,芬兰,30676
61,第61章 针织或钩...,321,匈牙利,1329601
61,第61章 针织或钩...,326,挪威,2064437
61,第61章 针织或钩...,327,波兰,2074030
61,第61章 针织或钩...,336,立陶宛,2159508
61,第61章 针织或钩...,340,白俄罗斯,4886
61,第61章 针织或钩...,350,斯洛文尼亚,378639
61,第61章 针织或钩...,408,玻利维亚,209422
61,第61章 针织或钩...,410,巴西,34178
61,第61章 针织或钩...,415,哥斯达黎加,1286482
61,第61章 针织或钩...,429,墨西哥,5680120
61,第61章 针织或钩...,431,尼加拉瓜,973810
61,第61章 针织或钩...,444,乌拉圭,79270
61,第61章 针织或钩...,501,加拿大,2037550
62,第62章 非针织或...,124,蒙古,1578447
62,第62章 非针织或...,127,巴基斯坦,11006776
62,第62章 非针织或...,129,菲律宾,15102287
62,第62章 非针织或...,137,土耳其,70967997
62,第62章 非针织或...,138,阿联酋,223097
62,第62章 非针织或...,147,塔吉克斯坦,14819
62,第62章 非针织或...,211,乍得,1544
62,第62章 非针织或...,224,肯尼亚,11950
62,第62章 非针织或...,227,马达加斯加,6542771
62,第62章 非针织或...,244,南非,320945
62,第62章 非针织或...,255,莱索托,245
62,第62章 非针织或...,301,比利时,1060617
62,第62章 非针织或...,305,法国,95655805
62,第62章 非针织或...,306,爱尔兰,20422
62,第62章 非针织或...,307,意大利,861125831
62,第62章 非针织或...,309,荷兰,555126
62,第62章 非针织或...,310,希腊,37230
62,第62章 非针织或...,312,西班牙,21311068
62,第62章 非针织或...,313,阿尔巴尼亚,6566510
62,第62章 非针织或...,314,安道尔,1649
62,第62章 非针织或...,315,奥地利,335745
62,第62章 非针织或...,316,保加利亚,37356199
62,第62章 非针织或...,318,芬兰,65013
62,第62章 非针织或...,321,匈牙利,11679637
62,第62章 非针织或...,326,挪威,3486
62,第62章 非针织或...,327,波兰,31863475
62,第62章 非针织或...,336,立陶宛,711255
62,第62章 非针织或...,339,阿塞拜疆,7736
62,第62章 非针织或...,340,白俄罗斯,66143
62,第62章 非针织或...,350,斯洛文尼亚,223922
62,第62章 非针织或...,408,玻利维亚,2083
62,第62章 非针织或...,410,巴西,50015
62,第62章 非针织或...,427,牙买加,1446
62,第62章 非针织或...,429,墨西哥,2421750
62,第62章 非针织或...,431,尼加拉瓜,205342
62,第62章 非针织或...,444,乌拉圭,201
62,第62章 非针织或...,501,加拿大,77140855
63,第63章 其他纺织...,108,塞浦路斯,119
63,第63章 其他纺织...,124,蒙古,6786
63,第63章 其他纺织...,127,巴基斯坦,5802133
63,第63章 其他纺织...,129,菲律宾,4796073
63,第63章 其他纺织...,137,土耳其,4568856
63,第63章 其他纺织...,138,阿联酋,10255
63,第63章 其他纺织...,227,马达加斯加,115767
63,第63章 其他纺织...,244,南非,1477
63,第63章 其他纺织...,301,比利时,496717
63,第63章 其他纺织...,305,法国,13437143
63,第63章 其他纺织...,306,爱尔兰,1308
63,第63章 其他纺织...,307,意大利,13708819
63,第63章 其他纺织...,309,荷兰,1338930
63,第63章 其他纺织...,310,希腊,1111
63,第63章 其他纺织...,312,西班牙,2629107
63,第63章 其他纺织...,313,阿尔巴尼亚,216240
63,第63章 其他纺织...,315,奥地利,394082
63,第63章 其他纺织...,316,保加利亚,19466
63,第63章 其他纺织...,318,芬兰,16384
63,第63章 其他纺织...,321,匈牙利,90054
63,第63章 其他纺织...,326,挪威,9700
63,第63章 其他纺织...,327,波兰,1627467
63,第63章 其他纺织...,336,立陶宛,6147
63,第63章 其他纺织...,350,斯洛文尼亚,4135
63,第63章 其他纺织...,408,玻利维亚,3852
63,第63章 其他纺织...,429,墨西哥,2422117
63,第63章 其他纺织...,431,尼加拉瓜,966
63,第63章 其他纺织...,435,波多黎各,141
63,第63章 其他纺织...,501,加拿大,433026
64,第64章 鞋靴、护...,124,蒙古,4510
64,第64章 鞋靴、护...,127,巴基斯坦,1696562
64,第64章 鞋靴、护...,129,菲律宾,5303880
64,第64章 鞋靴、护...,137,土耳其,1331218
64,第64章 鞋靴、护...,138,阿联酋,831
64,第64章 鞋靴、护...,227,马达加斯加,36334
64,第64章 鞋靴、护...,244,南非,19301
64,第64章 鞋靴、护...,254,津巴布韦,4429
64,第64章 鞋靴、护...,301,比利时,180476
64,第64章 鞋靴、护...,305,法国,3628595
64,第64章 鞋靴、护...,307,意大利,766062047
64,第64章 鞋靴、护...,309,荷兰,178027
64,第64章 鞋靴、护...,310,希腊,122228
64,第64章 鞋靴、护...,312,西班牙,34721288
64,第64章 鞋靴、护...,313,阿尔巴尼亚,1127052
64,第64章 鞋靴、护...,315,奥地利,214085
64,第64章 鞋靴、护...,316,保加利亚,978128
64,第64章 鞋靴、护...,318,芬兰,77808
64,第64章 鞋靴、护...,321,匈牙利,2564678
64,第64章 鞋靴、护...,327,波兰,279241
64,第64章 鞋靴、护...,336,立陶宛,3193
64,第64章 鞋靴、护...,350,斯洛文尼亚,133547
64,第64章 鞋靴、护...,410,巴西,5790082
64,第64章 鞋靴、护...,429,墨西哥,1921108
64,第64章 鞋靴、护...,431,尼加拉瓜,1170
64,第64章 鞋靴、护...,435,波多黎各,1674
64,第64章 鞋靴、护...,501,加拿大,38752
65,第65章 帽类及其...,124,蒙古,37714
65,第65章 帽类及其...,127,巴基斯坦,15310
65,第65章 帽类及其...,129,菲律宾,755021
65,第65章 帽类及其...,137,土耳其,238548
65,第65章 帽类及其...,224,肯尼亚,1243
65,第65章 帽类及其...,227,马达加斯加,13502
65,第65章 帽类及其...,244,南非,282039
65,第65章 帽类及其...,301,比利时,19585
65,第65章 帽类及其...,305,法国,3569971
65,第65章 帽类及其...,307,意大利,34565981
65,第65章 帽类及其...,309,荷兰,980268
65,第65章 帽类及其...,310,希腊,339
65,第65章 帽类及其...,312,西班牙,555193
65,第65章 帽类及其...,313,阿尔巴尼亚,3434
65,第65章 帽类及其...,315,奥地利,88758
65,第65章 帽类及其...,316,保加利亚,1049758
65,第65章 帽类及其...,318,芬兰,19556
65,第65章 帽类及其...,321,匈牙利,22651
65,第65章 帽类及其...,327,波兰,897555
65,第65章 帽类及其...,336,立陶宛,4827
65,第65章 帽类及其...,340,白俄罗斯,101
65,第65章 帽类及其...,350,斯洛文尼亚,988
65,第65章 帽类及其...,408,玻利维亚,4385
65,第65章 帽类及其...,429,墨西哥,70247
65,第65章 帽类及其...,501,加拿大,1265180
66,第66章 雨伞、阳...,301,比利时,23371
66,第66章 雨伞、阳...,305,法国,100200
66,第66章 雨伞、阳...,307,意大利,185476
66,第66章 雨伞、阳...,312,西班牙,2934
66,第66章 雨伞、阳...,315,奥地利,1205
66,第66章 雨伞、阳...,318,芬兰,721
67,第67章 已加工羽...,109,朝鲜,1778105
67,第67章 已加工羽...,127,巴基斯坦,1168480
67,第67章 已加工羽...,129,菲律宾,55371
67,第67章 已加工羽...,220,加纳,23469
67,第67章 已加工羽...,244,南非,47647
67,第67章 已加工羽...,305,法国,344691
67,第67章 已加工羽...,307,意大利,4270795
67,第67章 已加工羽...,309,荷兰,932
67,第67章 已加工羽...,310,希腊,24430
67,第67章 已加工羽...,312,西班牙,15129
67,第67章 已加工羽...,326,挪威,1379
67,第67章 已加工羽...,350,斯洛文尼亚,475
67,第67章 已加工羽...,410,巴西,32435
67,第67章 已加工羽...,501,加拿大,4434
68,第68章 石料、石...,127,巴基斯坦,466981
68,第68章 石料、石...,129,菲律宾,1615458
68,第68章 石料、石...,137,土耳其,608172
68,第68章 石料、石...,138,阿联酋,1560
68,第68章 石料、石...,233,莫桑比克,117517
68,第68章 石料、石...,244,南非,84594
68,第68章 石料、石...,301,比利时,757799
68,第68章 石料、石...,305,法国,23820096
68,第68章 石料、石...,306,爱尔兰,137863
68,第68章 石料、石...,307,意大利,34080230
68,第68章 石料、石...,309,荷兰,23740339
68,第68章 石料、石...,310,希腊,1023066
68,第68章 石料、石...,312,西班牙,4144636
68,第68章 石料、石...,315,奥地利,20738944
68,第68章 石料、石...,316,保加利亚,46217
68,第68章 石料、石...,318,芬兰,2718994
68,第68章 石料、石...,321,匈牙利,2145474
68,第68章 石料、石...,326,挪威,6976
68,第68章 石料、石...,327,波兰,3929330
68,第68章 石料、石...,350,斯洛文尼亚,2171499
68,第68章 石料、石...,410,巴西,3263625
68,第68章 石料、石...,429,墨西哥,28622991
68,第68章 石料、石...,501,加拿大,3353360
69,第69章 陶瓷产品,108,塞浦路斯,60
69,第69章 陶瓷产品,109,朝鲜,67863
69,第69章 陶瓷产品,129,菲律宾,42372
69,第69章 陶瓷产品,137,土耳其,1784671
69,第69章 陶瓷产品,138,阿联酋,105250
69,第69章 陶瓷产品,244,南非,2630361
69,第69章 陶瓷产品,301,比利时,141008
69,第69章 陶瓷产品,305,法国,19898032
69,第69章 陶瓷产品,307,意大利,73421512
69,第69章 陶瓷产品,309,荷兰,1609769
69,第69章 陶瓷产品,310,希腊,15753
69,第69章 陶瓷产品,312,西班牙,13853495
69,第69章 陶瓷产品,315,奥地利,3318073
69,第69章 陶瓷产品,316,保加利亚,765
69,第69章 陶瓷产品,318,芬兰,826505
69,第69章 陶瓷产品,321,匈牙利,6663051
69,第69章 陶瓷产品,326,挪威,280211
69,第69章 陶瓷产品,327,波兰,29388763
69,第69章 陶瓷产品,350,斯洛文尼亚,512
69,第69章 陶瓷产品,410,巴西,33354
69,第69章 陶瓷产品,429,墨西哥,888213
69,第69章 陶瓷产品,442,特立尼达和多巴哥,6841
69,第69章 陶瓷产品,501,加拿大,1299584
70,第70章 玻璃及其...,109,朝鲜,17169505
70,第70章 玻璃及其...,118,科威特,6604
70,第70章 玻璃及其...,127,巴基斯坦,297
70,第70章 玻璃及其...,129,菲律宾,381023
70,第70章 玻璃及其...,137,土耳其,1338290
70,第70章 玻璃及其...,138,阿联酋,354239
70,第70章 玻璃及其...,220,加纳,4581
70,第70章 玻璃及其...,301,比利时,4001699
70,第70章 玻璃及其...,305,法国,36450108
70,第70章 玻璃及其...,306,爱尔兰,1325776
70,第70章 玻璃及其...,307,意大利,35134580
70,第70章 玻璃及其...,309,荷兰,5242403
70,第70章 玻璃及其...,310,希腊,138
70,第70章 玻璃及其...,312,西班牙,3204299
70,第70章 玻璃及其...,315,奥地利,27533705
70,第70章 玻璃及其...,316,保加利亚,712582
70,第70章 玻璃及其...,318,芬兰,2091558
70,第70章 玻璃及其...,321,匈牙利,41259203
70,第70章 玻璃及其...,326,挪威,23480
70,第70章 玻璃及其...,327,波兰,18237068
70,第70章 玻璃及其...,336,立陶宛,71309
70,第70章 玻璃及其...,340,白俄罗斯,396689
70,第70章 玻璃及其...,350,斯洛文尼亚,2287608
70,第70章 玻璃及其...,410,巴西,65796
70,第70章 玻璃及其...,415,哥斯达黎加,408061
70,第70章 玻璃及其...,429,墨西哥,2472711
70,第70章 玻璃及其...,501,加拿大,2341891
71,第71章 天然或养...,124,蒙古,2420000
71,第71章 天然或养...,127,巴基斯坦,222515
71,第71章 天然或养...,129,菲律宾,4402444
71,第71章 天然或养...,137,土耳其,3675297
71,第71章 天然或养...,138,阿联酋,120513878
71,第71章 天然或养...,147,塔吉克斯坦,37759441
71,第71章 天然或养...,224,肯尼亚,154042
71,第71章 天然或养...,227,马达加斯加,6898142
71,第71章 天然或养...,233,莫桑比克,1026703
71,第71章 天然或养...,244,南非,14939033148
71,第71章 天然或养...,252,刚果民主共和国,953834
71,第71章 天然或养...,254,津巴布韦,159071
71,第71章 天然或养...,301,比利时,2292771343
71,第71章 天然或养...,305,法国,1011994347
71,第71章 天然或养...,306,爱尔兰,7650419
71,第71章 天然或养...,307,意大利,651684559
71,第71章 天然或养...,309,荷兰,1958869
71,第71章 天然或养...,310,希腊,329993
71,第71章 天然或养...,312,西班牙,9215102
71,第71章 天然或养...,315,奥地利,25618429
71,第71章 天然或养...,316,保加利亚,10228
71,第71章 天然或养...,318,芬兰,15073
71,第71章 天然或养...,321,匈牙利,183979
71,第71章 天然或养...,326,挪威,38813492
71,第71章 天然或养...,327,波兰,244630
71,第71章 天然或养...,336,立陶宛,9281
71,第71章 天然或养...,350,斯洛文尼亚,25196
71,第71章 天然或养...,408,玻利维亚,492030
71,第71章 天然或养...,410,巴西,51819324
71,第71章 天然或养...,415,哥斯达黎加,116387
71,第71章 天然或养...,429,墨西哥,1665390
71,第71章 天然或养...,444,乌拉圭,4290642
71,第71章 天然或养...,501,加拿大,12520845413
71,第71章 天然或养...,699,大洋洲其他国家(地区),40610
72,第72章 钢铁,109,朝鲜,23163400
72,第72章 钢铁,129,菲律宾,111909
72,第72章 钢铁,137,土耳其,4296242
72,第72章 钢铁,138,阿联酋,6641864
72,第72章 钢铁,244,南非,1181855634
72,第72章 钢铁,254,津巴布韦,203123693
72,第72章 钢铁,301,比利时,40158374
72,第72章 钢铁,305,法国,114389363
72,第72章 钢铁,306,爱尔兰,2082785
72,第72章 钢铁,307,意大利,60886041
72,第72章 钢铁,309,荷兰,12996948
72,第72章 钢铁,312,西班牙,5322064
72,第72章 钢铁,315,奥地利,76876726
72,第72章 钢铁,318,芬兰,71192489
72,第72章 钢铁,321,匈牙利,189680
72,第72章 钢铁,326,挪威,8325457
72,第72章 钢铁,327,波兰,373894
72,第72章 钢铁,340,白俄罗斯,1027558
72,第72章 钢铁,350,斯洛文尼亚,3920691
72,第72章 钢铁,410,巴西,625305829
72,第72章 钢铁,429,墨西哥,1332941
72,第72章 钢铁,442,特立尼达和多巴哥,289885
72,第72章 钢铁,501,加拿大,21759555
73,第73章 钢铁制品,108,塞浦路斯,99920
73,第73章 钢铁制品,124,蒙古,71706
73,第73章 钢铁制品,127,巴基斯坦,143677
73,第73章 钢铁制品,129,菲律宾,3631772
73,第73章 钢铁制品,137,土耳其,35644874
73,第73章 钢铁制品,138,阿联酋,17816509
73,第73章 钢铁制品,203,贝宁,6170
73,第73章 钢铁制品,222,几内亚比绍,125
73,第73章 钢铁制品,235,尼日尔,187
73,第73章 钢铁制品,244,南非,660328
73,第73章 钢铁制品,250,乌干达,300
73,第73章 钢铁制品,301,比利时,10608927
73,第73章 钢铁制品,305,法国,142220918
73,第73章 钢铁制品,306,爱尔兰,8571940
73,第73章 钢铁制品,307,意大利,272226516
73,第73章 钢铁制品,309,荷兰,24910610
73,第73章 钢铁制品,310,希腊,1433079
73,第73章 钢铁制品,312,西班牙,47875339
73,第73章 钢铁制品,315,奥地利,100187429
73,第73章 钢铁制品,316,保加利亚,4258567
73,第73章 钢铁制品,318,芬兰,27366653
73,第73章 钢铁制品,321,匈牙利,25599544
73,第73章 钢铁制品,326,挪威,8654774
73,第73章 钢铁制品,327,波兰,34151176
73,第73章 钢铁制品,336,立陶宛,110067
73,第73章 钢铁制品,339,阿塞拜疆,179090
73,第73章 钢铁制品,340,白俄罗斯,24632
73,第73章 钢铁制品,350,斯洛文尼亚,4049647
73,第73章 钢铁制品,359,黑山,5959
73,第73章 钢铁制品,410,巴西,4227532
73,第73章 钢铁制品,415,哥斯达黎加,8631
73,第73章 钢铁制品,427,牙买加,492
73,第73章 钢铁制品,429,墨西哥,20846297
73,第73章 钢铁制品,501,加拿大,22437400
74,第74章 铜及其制...,118,科威特,3837264
74,第74章 铜及其制...,124,蒙古,45853307
74,第74章 铜及其制...,127,巴基斯坦,419551676
74,第74章 铜及其制...,129,菲律宾,269178248
74,第74章 铜及其制...,137,土耳其,141587136
74,第74章 铜及其制...,138,阿联酋,150220398
74,第74章 铜及其制...,213,刚果共和国,2097929
74,第74章 铜及其制...,220,加纳,11014398
74,第74章 铜及其制...,224,肯尼亚,4884990
74,第74章 铜及其制...,227,马达加斯加,1061147
74,第74章 铜及其制...,244,南非,775907252
74,第74章 铜及其制...,252,刚果民主共和国,4316565663
74,第74章 铜及其制...,301,比利时,28299571
74,第74章 铜及其制...,305,法国,144855024
74,第74章 铜及其制...,306,爱尔兰,524765
74,第74章 铜及其制...,307,意大利,253004527
74,第74章 铜及其制...,309,荷兰,76022623
74,第74章 铜及其制...,310,希腊,8659236
74,第74章 铜及其制...,312,西班牙,265829670
74,第74章 铜及其制...,315,奥地利,2040729
74,第74章 铜及其制...,316,保加利亚,26695403
74,第74章 铜及其制...,318,芬兰,20385933
74,第74章 铜及其制...,321,匈牙利,13907928
74,第74章 铜及其制...,326,挪威,828456
74,第74章 铜及其制...,327,波兰,384384592
74,第74章 铜及其制...,336,立陶宛,414
74,第74章 铜及其制...,340,白俄罗斯,141
74,第74章 铜及其制...,350,斯洛文尼亚,338545
74,第74章 铜及其制...,408,玻利维亚,33749093
74,第74章 铜及其制...,410,巴西,28678322
74,第74章 铜及其制...,415,哥斯达黎加,3092748
74,第74章 铜及其制...,429,墨西哥,291732933
74,第74章 铜及其制...,431,尼加拉瓜,3636251
74,第74章 铜及其制...,435,波多黎各,11204793
74,第74章 铜及其制...,442,特立尼达和多巴哥,7725270
74,第74章 铜及其制...,444,乌拉圭,5298594
74,第74章 铜及其制...,501,加拿大,217319423
74,第74章 铜及其制...,617,萨摩亚,369
74,第74章 铜及其制...,699,大洋洲其他国家(地区),199
75,第75章 镍及其制...,108,塞浦路斯,4088543
75,第75章 镍及其制...,127,巴基斯坦,3699
75,第75章 镍及其制...,137,土耳其,247256
75,第75章 镍及其制...,227,马达加斯加,117247475
75,第75章 镍及其制...,244,南非,133429196
75,第75章 镍及其制...,301,比利时,8827051
75,第75章 镍及其制...,305,法国,59709747
75,第75章 镍及其制...,306,爱尔兰,231345
75,第75章 镍及其制...,307,意大利,7095084
75,第75章 镍及其制...,309,荷兰,2814872
75,第75章 镍及其制...,312,西班牙,3888558
75,第75章 镍及其制...,315,奥地利,26032611
75,第75章 镍及其制...,318,芬兰,149202821
75,第75章 镍及其制...,321,匈牙利,174381
75,第75章 镍及其制...,326,挪威,79493385
75,第75章 镍及其制...,327,波兰,138392
75,第75章 镍及其制...,429,墨西哥,6203901
75,第75章 镍及其制...,501,加拿大,135278562
76,第76章 铝及其制...,108,塞浦路斯,5017
76,第76章 铝及其制...,118,科威特,3239710
76,第76章 铝及其制...,124,蒙古,4554060
76,第76章 铝及其制...,127,巴基斯坦,23797539
76,第76章 铝及其制...,129,菲律宾,43592137
76,第76章 铝及其制...,137,土耳其,1524665
76,第76章 铝及其制...,138,阿联酋,123974656
76,第76章 铝及其制...,203,贝宁,292272
76,第76章 铝及其制...,220,加纳,5202347
76,第76章 铝及其制...,224,肯尼亚,658271
76,第76章 铝及其制...,233,莫桑比克,1680955
76,第76章 铝及其制...,244,南非,28599059
76,第76章 铝及其制...,301,比利时,103693959
76,第76章 铝及其制...,305,法国,128103972
76,第76章 铝及其制...,306,爱尔兰,124876
76,第76章 铝及其制...,307,意大利,86042335
76,第76章 铝及其制...,309,荷兰,31475310
76,第76章 铝及其制...,310,希腊,6347460
76,第76章 铝及其制...,312,西班牙,95481846
76,第76章 铝及其制...,315,奥地利,28019313
76,第76章 铝及其制...,316,保加利亚,1591153
76,第76章 铝及其制...,318,芬兰,701255
76,第76章 铝及其制...,321,匈牙利,2011569
76,第76章 铝及其制...,326,挪威,8232297
76,第76章 铝及其制...,327,波兰,6410178
76,第76章 铝及其制...,336,立陶宛,3688
76,第76章 铝及其制...,350,斯洛文尼亚,157484
76,第76章 铝及其制...,408,玻利维亚,1155351
76,第76章 铝及其制...,410,巴西,727109
76,第76章 铝及其制...,429,墨西哥,22291308
76,第76章 铝及其制...,431,尼加拉瓜,2135
76,第76章 铝及其制...,501,加拿大,125235242
78,第78章 铅及其制...,118,科威特,541341
78,第78章 铅及其制...,124,蒙古,4893300
78,第78章 铅及其制...,244,南非,11900
78,第78章 铅及其制...,301,比利时,28567
78,第78章 铅及其制...,305,法国,11803
78,第78章 铅及其制...,307,意大利,1731
78,第78章 铅及其制...,309,荷兰,35147
78,第78章 铅及其制...,327,波兰,13846
78,第78章 铅及其制...,429,墨西哥,3951202
78,第78章 铅及其制...,501,加拿大,6786
79,第79章 锌及其制...,129,菲律宾,964049
79,第79章 锌及其制...,137,土耳其,2146
79,第79章 锌及其制...,227,马达加斯加,4041
79,第79章 锌及其制...,301,比利时,115322
79,第79章 锌及其制...,305,法国,1909278
79,第79章 锌及其制...,306,爱尔兰,1152
79,第79章 锌及其制...,307,意大利,1601795
79,第79章 锌及其制...,309,荷兰,103
79,第79章 锌及其制...,310,希腊,1143
79,第79章 锌及其制...,312,西班牙,432908
79,第79章 锌及其制...,315,奥地利,304301
79,第79章 锌及其制...,318,芬兰,15030
79,第79章 锌及其制...,321,匈牙利,98253
79,第79章 锌及其制...,326,挪威,5892
79,第79章 锌及其制...,327,波兰,5909
79,第79章 锌及其制...,350,斯洛文尼亚,407983
79,第79章 锌及其制...,429,墨西哥,881374
79,第79章 锌及其制...,501,加拿大,13924
80,第80章 锡及其制...,127,巴基斯坦,2018630
80,第80章 锡及其制...,129,菲律宾,546361
80,第80章 锡及其制...,301,比利时,205670
80,第80章 锡及其制...,305,法国,151762
80,第80章 锡及其制...,307,意大利,213848
80,第80章 锡及其制...,321,匈牙利,295168
80,第80章 锡及其制...,408,玻利维亚,281
80,第80章 锡及其制...,429,墨西哥,702877
80,第80章 锡及其制...,501,加拿大,57241
81,第81章 其他贱金...,137,土耳其,1252068
81,第81章 其他贱金...,147,塔吉克斯坦,16971283
81,第81章 其他贱金...,252,刚果民主共和国,2905724178
81,第81章 其他贱金...,301,比利时,1478194
81,第81章 其他贱金...,305,法国,33518053
81,第81章 其他贱金...,306,爱尔兰,2236188
81,第81章 其他贱金...,307,意大利,1571654
81,第81章 其他贱金...,309,荷兰,241172
81,第81章 其他贱金...,312,西班牙,1172193
81,第81章 其他贱金...,315,奥地利,21358171
81,第81章 其他贱金...,316,保加利亚,109620
81,第81章 其他贱金...,318,芬兰,723443
81,第81章 其他贱金...,321,匈牙利,34857
81,第81章 其他贱金...,326,挪威,192522
81,第81章 其他贱金...,327,波兰,776324
81,第81章 其他贱金...,359,黑山,32615
81,第81章 其他贱金...,410,巴西,12309268
81,第81章 其他贱金...,429,墨西哥,2604023
81,第81章 其他贱金...,501,加拿大,8184249
82,第82章 贱金属工...,108,塞浦路斯,1065
82,第82章 贱金属工...,127,巴基斯坦,4628575
82,第82章 贱金属工...,129,菲律宾,1059503
82,第82章 贱金属工...,137,土耳其,984428
82,第82章 贱金属工...,138,阿联酋,111500
82,第82章 贱金属工...,208,佛得角,2362
82,第82章 贱金属工...,213,刚果共和国,114010
82,第82章 贱金属工...,244,南非,121861
82,第82章 贱金属工...,301,比利时,428210
82,第82章 贱金属工...,305,法国,14500857
82,第82章 贱金属工...,306,爱尔兰,8547794
82,第82章 贱金属工...,307,意大利,24812973
82,第82章 贱金属工...,309,荷兰,5045992
82,第82章 贱金属工...,310,希腊,9994064
82,第82章 贱金属工...,312,西班牙,6140567
82,第82章 贱金属工...,313,阿尔巴尼亚,143
82,第82章 贱金属工...,315,奥地利,15120849
82,第82章 贱金属工...,316,保加利亚,56494
82,第82章 贱金属工...,318,芬兰,1278550
82,第82章 贱金属工...,321,匈牙利,1691954
82,第82章 贱金属工...,326,挪威,1066709
82,第82章 贱金属工...,327,波兰,9123668
82,第82章 贱金属工...,340,白俄罗斯,99
82,第82章 贱金属工...,350,斯洛文尼亚,394425
82,第82章 贱金属工...,410,巴西,4248905
82,第82章 贱金属工...,429,墨西哥,3143322
82,第82章 贱金属工...,501,加拿大,5192498
83,第83章 贱金属杂...,127,巴基斯坦,97
83,第83章 贱金属杂...,129,菲律宾,5233270
83,第83章 贱金属杂...,137,土耳其,838792
83,第83章 贱金属杂...,138,阿联酋,605
83,第83章 贱金属杂...,244,南非,5018
83,第83章 贱金属杂...,301,比利时,7126400
83,第83章 贱金属杂...,305,法国,16018422
83,第83章 贱金属杂...,306,爱尔兰,1644988
83,第83章 贱金属杂...,307,意大利,62386907
83,第83章 贱金属杂...,309,荷兰,3549680
83,第83章 贱金属杂...,310,希腊,353500
83,第83章 贱金属杂...,312,西班牙,17951203
83,第83章 贱金属杂...,315,奥地利,98592934
83,第83章 贱金属杂...,316,保加利亚,1869575
83,第83章 贱金属杂...,318,芬兰,471533
83,第83章 贱金属杂...,321,匈牙利,952531
83,第83章 贱金属杂...,326,挪威,119679
83,第83章 贱金属杂...,327,波兰,5922751
83,第83章 贱金属杂...,336,立陶宛,18098
83,第83章 贱金属杂...,340,白俄罗斯,2749
83,第83章 贱金属杂...,350,斯洛文尼亚,6059694
83,第83章 贱金属杂...,410,巴西,55984
83,第83章 贱金属杂...,429,墨西哥,11258361
83,第83章 贱金属杂...,501,加拿大,14603540
84,第84章 核反应堆...,108,塞浦路斯,318081
84,第84章 核反应堆...,118,科威特,33932
84,第84章 核反应堆...,127,巴基斯坦,48780
84,第84章 核反应堆...,129,菲律宾,1112929843
84,第84章 核反应堆...,137,土耳其,201388427
84,第84章 核反应堆...,138,阿联酋,9327541
84,第84章 核反应堆...,209,中非,17397
84,第84章 核反应堆...,213,刚果共和国,3539
84,第84章 核反应堆...,219,冈比亚,95
84,第84章 核反应堆...,220,加纳,47372
84,第84章 核反应堆...,239,圣多美和普林西比,12537
84,第84章 核反应堆...,244,南非,7319898
84,第84章 核反应堆...,258,厄立特里亚,11201
84,第84章 核反应堆...,301,比利时,256260694
84,第84章 核反应堆...,305,法国,2337256298
84,第84章 核反应堆...,306,爱尔兰,152641495
84,第84章 核反应堆...,307,意大利,2989918107
84,第84章 核反应堆...,309,荷兰,1418425365
84,第84章 核反应堆...,310,希腊,17752146
84,第84章 核反应堆...,312,西班牙,248469409
84,第84章 核反应堆...,313,阿尔巴尼亚,34284
84,第84章 核反应堆...,315,奥地利,1158485930
84,第84章 核反应堆...,316,保加利亚,38133957
84,第84章 核反应堆...,318,芬兰,513529623
84,第84章 核反应堆...,320,直布罗陀,952
84,第84章 核反应堆...,321,匈牙利,307530665
84,第84章 核反应堆...,326,挪威,87541559
84,第84章 核反应堆...,327,波兰,462192757
84,第84章 核反应堆...,336,立陶宛,431817
84,第84章 核反应堆...,340,白俄罗斯,3048476
84,第84章 核反应堆...,350,斯洛文尼亚,37893630
84,第84章 核反应堆...,359,黑山,86826
84,第84章 核反应堆...,410,巴西,193421537
84,第84章 核反应堆...,415,哥斯达黎加,674715
84,第84章 核反应堆...,429,墨西哥,438766396
84,第84章 核反应堆...,435,波多黎各,2055828
84,第84章 核反应堆...,442,特立尼达和多巴哥,65949
84,第84章 核反应堆...,501,加拿大,308401483
84,第84章 核反应堆...,614,汤加,143
84,第84章 核反应堆...,617,萨摩亚,103
84,第84章 核反应堆...,621,马绍尔群岛,3665
84,第84章 核反应堆...,699,大洋洲其他国家(地区),5319
85,第85章 电机、电...,108,塞浦路斯,60944
85,第85章 电机、电...,118,科威特,32
85,第85章 电机、电...,123,马尔代夫,4493
85,第85章 电机、电...,127,巴基斯坦,30411
85,第85章 电机、电...,129,菲律宾,8144195671
85,第85章 电机、电...,137,土耳其,28856731
85,第85章 电机、电...,138,阿联酋,40110101
85,第85章 电机、电...,147,塔吉克斯坦,1042
85,第85章 电机、电...,219,冈比亚,1788
85,第85章 电机、电...,220,加纳,895
85,第85章 电机、电...,224,肯尼亚,7629
85,第85章 电机、电...,227,马达加斯加,6990
85,第85章 电机、电...,235,尼日尔,5777
85,第85章 电机、电...,239,圣多美和普林西比,3248
85,第85章 电机、电...,244,南非,15900572
85,第85章 电机、电...,250,乌干达,11048
85,第85章 电机、电...,252,刚果民主共和国,38041
85,第85章 电机、电...,254,津巴布韦,8905
85,第85章 电机、电...,255,莱索托,1385592
85,第85章 电机、电...,258,厄立特里亚,23201
85,第85章 电机、电...,301,比利时,161239260
85,第85章 电机、电...,305,法国,1433554746
85,第85章 电机、电...,306,爱尔兰,4031089615
85,第85章 电机、电...,307,意大利,1159208898
85,第85章 电机、电...,309,荷兰,251035767
85,第85章 电机、电...,310,希腊,6418680
85,第85章 电机、电...,312,西班牙,267511030
85,第85章 电机、电...,313,阿尔巴尼亚,290238
85,第85章 电机、电...,314,安道尔,106712
85,第85章 电机、电...,315,奥地利,861172786
85,第85章 电机、电...,316,保加利亚,82835397
85,第85章 电机、电...,318,芬兰,469194536
85,第85章 电机、电...,321,匈牙利,1532408868
85,第85章 电机、电...,326,挪威,150829030
85,第85章 电机、电...,327,波兰,787561171
85,第85章 电机、电...,336,立陶宛,14776092
85,第85章 电机、电...,339,阿塞拜疆,1157
85,第85章 电机、电...,340,白俄罗斯,4048627
85,第85章 电机、电...,350,斯洛文尼亚,140573755
85,第85章 电机、电...,356,梵蒂冈,412
85,第85章 电机、电...,359,黑山,26861
85,第85章 电机、电...,404,巴哈马,7078
85,第85章 电机、电...,405,巴巴多斯,150993
85,第85章 电机、电...,406,伯利兹,3957
85,第85章 电机、电...,410,巴西,62362482
85,第85章 电机、电...,415,哥斯达黎加,600193866
85,第85章 电机、电...,429,墨西哥,4531623317
85,第85章 电机、电...,431,尼加拉瓜,131058
85,第85章 电机、电...,435,波多黎各,248472
85,第85章 电机、电...,442,特立尼达和多巴哥,1387
85,第85章 电机、电...,443,特克斯和凯科斯群岛,465150
85,第85章 电机、电...,446,英属维尔京群岛,373
85,第85章 电机、电...,501,加拿大,380793107
86,第86章 铁道及电...,137,土耳其,1461264
86,第86章 铁道及电...,301,比利时,730416
86,第86章 铁道及电...,305,法国,3845302
86,第86章 铁道及电...,307,意大利,31546507
86,第86章 铁道及电...,309,荷兰,446761
86,第86章 铁道及电...,312,西班牙,22218297
86,第86章 铁道及电...,315,奥地利,4208326
86,第86章 铁道及电...,318,芬兰,381363
86,第86章 铁道及电...,321,匈牙利,3129362
86,第86章 铁道及电...,327,波兰,15626814
86,第86章 铁道及电...,350,斯洛文尼亚,1927640
86,第86章 铁道及电...,429,墨西哥,310177
86,第86章 铁道及电...,501,加拿大,407641
87,第87章 车辆及其...,129,菲律宾,35234832
87,第87章 车辆及其...,137,土耳其,23598318
87,第87章 车辆及其...,138,阿联酋,196682
87,第87章 车辆及其...,244,南非,10638311
87,第87章 车辆及其...,301,比利时,69196898
87,第87章 车辆及其...,305,法国,669695488
87,第87章 车辆及其...,306,爱尔兰,11240592
87,第87章 车辆及其...,307,意大利,1068595847
87,第87章 车辆及其...,309,荷兰,95062618
87,第87章 车辆及其...,310,希腊,1178654
87,第87章 车辆及其...,312,西班牙,155553655
87,第87章 车辆及其...,313,阿尔巴尼亚,712921
87,第87章 车辆及其...,315,奥地利,1570041245
87,第87章 车辆及其...,316,保加利亚,13922921
87,第87章 车辆及其...,318,芬兰,1373853
87,第87章 车辆及其...,321,匈牙利,547350102
87,第87章 车辆及其...,326,挪威,54586117
87,第87章 车辆及其...,327,波兰,297302452
87,第87章 车辆及其...,336,立陶宛,29918
87,第87章 车辆及其...,340,白俄罗斯,1808211
87,第87章 车辆及其...,350,斯洛文尼亚,37028153
87,第87章 车辆及其...,404,巴哈马,436
87,第87章 车辆及其...,410,巴西,9308569
87,第87章 车辆及其...,415,哥斯达黎加,1205
87,第87章 车辆及其...,429,墨西哥,689730056
87,第87章 车辆及其...,501,加拿大,65756449
88,第88章 航空器、...,129,菲律宾,473460
88,第88章 航空器、...,137,土耳其,305529
88,第88章 航空器、...,244,南非,206919
88,第88章 航空器、...,301,比利时,311655
88,第88章 航空器、...,305,法国,1392574673
88,第88章 航空器、...,306,爱尔兰,12392
88,第88章 航空器、...,307,意大利,5991522
88,第88章 航空器、...,309,荷兰,2663781
88,第88章 航空器、...,312,西班牙,4290471
88,第88章 航空器、...,315,奥地利,4307969
88,第88章 航空器、...,321,匈牙利,496466
88,第88章 航空器、...,327,波兰,749288
88,第88章 航空器、...,410,巴西,410410
88,第88章 航空器、...,429,墨西哥,10106818
88,第88章 航空器、...,501,加拿大,4093184
89,第89章 船舶及浮...,138,阿联酋,519370
89,第89章 船舶及浮...,305,法国,2427260
89,第89章 船舶及浮...,309,荷兰,2263238
89,第89章 船舶及浮...,321,匈牙利,104548
89,第89章 船舶及浮...,326,挪威,16615
89,第89章 船舶及浮...,429,墨西哥,20479285
90,第90章 光学、照...,108,塞浦路斯,89622
90,第90章 光学、照...,127,巴基斯坦,9806336
90,第90章 光学、照...,129,菲律宾,253529266
90,第90章 光学、照...,137,土耳其,15709670
90,第90章 光学、照...,138,阿联酋,7019743
90,第90章 光学、照...,227,马达加斯加,331933
90,第90章 光学、照...,235,尼日尔,5146
90,第90章 光学、照...,244,南非,388378
90,第90章 光学、照...,301,比利时,68255305
90,第90章 光学、照...,305,法国,834947849
90,第90章 光学、照...,306,爱尔兰,863386929
90,第90章 光学、照...,307,意大利,558013145
90,第90章 光学、照...,309,荷兰,609781775
90,第90章 光学、照...,310,希腊,8897533
90,第90章 光学、照...,312,西班牙,88155498
90,第90章 光学、照...,314,安道尔,2888
90,第90章 光学、照...,315,奥地利,314810095
90,第90章 光学、照...,316,保加利亚,45272716
90,第90章 光学、照...,318,芬兰,177521780
90,第90章 光学、照...,321,匈牙利,263965635
90,第90章 光学、照...,326,挪威,94254823
90,第90章 光学、照...,327,波兰,109266152
90,第90章 光学、照...,336,立陶宛,21769724
90,第90章 光学、照...,340,白俄罗斯,2926056
90,第90章 光学、照...,350,斯洛文尼亚,19331010
90,第90章 光学、照...,359,黑山,3133470
90,第90章 光学、照...,405,巴巴多斯,29329870
90,第90章 光学、照...,410,巴西,20955959
90,第90章 光学、照...,415,哥斯达黎加,306678311
90,第90章 光学、照...,429,墨西哥,1413925591
90,第90章 光学、照...,431,尼加拉瓜,17502
90,第90章 光学、照...,435,波多黎各,240839320
90,第90章 光学、照...,444,乌拉圭,30681
90,第90章 光学、照...,501,加拿大,329823856
90,第90章 光学、照...,621,马绍尔群岛,339
91,第91章 钟表及其...,129,菲律宾,357978
91,第91章 钟表及其...,138,阿联酋,204
91,第91章 钟表及其...,227,马达加斯加,22255
91,第91章 钟表及其...,254,津巴布韦,1001
91,第91章 钟表及其...,301,比利时,13977
91,第91章 钟表及其...,305,法国,67658869
91,第91章 钟表及其...,307,意大利,12072447
91,第91章 钟表及其...,309,荷兰,564506
91,第91章 钟表及其...,312,西班牙,268818
91,第91章 钟表及其...,315,奥地利,756449
91,第91章 钟表及其...,318,芬兰,14776
91,第91章 钟表及其...,321,匈牙利,429026
91,第91章 钟表及其...,327,波兰,270704
91,第91章 钟表及其...,429,墨西哥,140079
91,第91章 钟表及其...,501,加拿大,15655
92,第92章 乐器及其...,109,朝鲜,1525437
92,第92章 乐器及其...,129,菲律宾,39680
92,第92章 乐器及其...,137,土耳其,357792
92,第92章 乐器及其...,301,比利时,21371
92,第92章 乐器及其...,305,法国,15920407
92,第92章 乐器及其...,307,意大利,7087208
92,第92章 乐器及其...,309,荷兰,5212
92,第92章 乐器及其...,312,西班牙,336077
92,第92章 乐器及其...,314,安道尔,483
92,第92章 乐器及其...,315,奥地利,325717
92,第92章 乐器及其...,316,保加利亚,37045
92,第92章 乐器及其...,318,芬兰,1553
92,第92章 乐器及其...,327,波兰,889020
92,第92章 乐器及其...,350,斯洛文尼亚,99145
92,第92章 乐器及其...,429,墨西哥,10536684
92,第92章 乐器及其...,501,加拿大,1848724
93,第93章 武器、弹...,307,意大利,667117
94,第94章 家具；寝...,127,巴基斯坦,116470
94,第94章 家具；寝...,129,菲律宾,1492194
94,第94章 家具；寝...,137,土耳其,2429541
94,第94章 家具；寝...,138,阿联酋,23724
94,第94章 家具；寝...,233,莫桑比克,114532
94,第94章 家具；寝...,244,南非,35351
94,第94章 家具；寝...,301,比利时,2457809
94,第94章 家具；寝...,305,法国,55943225
94,第94章 家具；寝...,306,爱尔兰,56202
94,第94章 家具；寝...,307,意大利,446455495
94,第94章 家具；寝...,309,荷兰,11756897
94,第94章 家具；寝...,310,希腊,175542
94,第94章 家具；寝...,312,西班牙,19399682
94,第94章 家具；寝...,315,奥地利,12465176
94,第94章 家具；寝...,316,保加利亚,2691154
94,第94章 家具；寝...,318,芬兰,6910068
94,第94章 家具；寝...,321,匈牙利,6584367
94,第94章 家具；寝...,326,挪威,13884047
94,第94章 家具；寝...,327,波兰,50071225
94,第94章 家具；寝...,336,立陶宛,20234457
94,第94章 家具；寝...,340,白俄罗斯,46267
94,第94章 家具；寝...,350,斯洛文尼亚,1893374
94,第94章 家具；寝...,410,巴西,212047
94,第94章 家具；寝...,429,墨西哥,14280222
94,第94章 家具；寝...,501,加拿大,3796486
95,第95章 玩具、游...,127,巴基斯坦,4740263
95,第95章 玩具、游...,129,菲律宾,4643134
95,第95章 玩具、游...,137,土耳其,113928
95,第95章 玩具、游...,138,阿联酋,1507973
95,第95章 玩具、游...,224,肯尼亚,647
95,第95章 玩具、游...,227,马达加斯加,1772
95,第95章 玩具、游...,244,南非,30686
95,第95章 玩具、游...,301,比利时,2447912
95,第95章 玩具、游...,305,法国,8615713
95,第95章 玩具、游...,306,爱尔兰,95
95,第95章 玩具、游...,307,意大利,14380593
95,第95章 玩具、游...,309,荷兰,2587974
95,第95章 玩具、游...,310,希腊,79688
95,第95章 玩具、游...,312,西班牙,5165803
95,第95章 玩具、游...,315,奥地利,10240161
95,第95章 玩具、游...,316,保加利亚,4743680
95,第95章 玩具、游...,318,芬兰,1560222
95,第95章 玩具、游...,321,匈牙利,29742180
95,第95章 玩具、游...,326,挪威,68452
95,第95章 玩具、游...,327,波兰,30541502
95,第95章 玩具、游...,350,斯洛文尼亚,26268
95,第95章 玩具、游...,410,巴西,488205
95,第95章 玩具、游...,415,哥斯达黎加,6764
95,第95章 玩具、游...,429,墨西哥,9483698
95,第95章 玩具、游...,501,加拿大,3136762
96,第96章 杂项制品,108,塞浦路斯,60
96,第96章 杂项制品,118,科威特,34412
96,第96章 杂项制品,127,巴基斯坦,24385
96,第96章 杂项制品,129,菲律宾,13207387
96,第96章 杂项制品,137,土耳其,162797
96,第96章 杂项制品,138,阿联酋,1075
96,第96章 杂项制品,244,南非,107550
96,第96章 杂项制品,252,刚果民主共和国,242
96,第96章 杂项制品,301,比利时,203831
96,第96章 杂项制品,305,法国,22561345
96,第96章 杂项制品,306,爱尔兰,5956
96,第96章 杂项制品,307,意大利,16028500
96,第96章 杂项制品,309,荷兰,1280940
96,第96章 杂项制品,310,希腊,42184
96,第96章 杂项制品,312,西班牙,2391781
96,第96章 杂项制品,315,奥地利,1217642
96,第96章 杂项制品,316,保加利亚,155098
96,第96章 杂项制品,318,芬兰,55947
96,第96章 杂项制品,321,匈牙利,76096172
96,第96章 杂项制品,326,挪威,15107
96,第96章 杂项制品,327,波兰,382124
96,第96章 杂项制品,350,斯洛文尼亚,1474766
96,第96章 杂项制品,410,巴西,191045
96,第96章 杂项制品,415,哥斯达黎加,560714
96,第96章 杂项制品,429,墨西哥,1166342
96,第96章 杂项制品,446,英属维尔京群岛,252
96,第96章 杂项制品,501,加拿大,6388584
97,第97章 艺术品、...,109,朝鲜,936
97,第97章 艺术品、...,129,菲律宾,24226
97,第97章 艺术品、...,137,土耳其,34513
97,第97章 艺术品、...,138,阿联酋,214825
97,第97章 艺术品、...,147,塔吉克斯坦,606
97,第97章 艺术品、...,220,加纳,763459
97,第97章 艺术品、...,224,肯尼亚,385
97,第97章 艺术品、...,227,马达加斯加,17300
97,第97章 艺术品、...,244,南非,81823
97,第97章 艺术品、...,301,比利时,117326
97,第97章 艺术品、...,305,法国,22910374
97,第97章 艺术品、...,306,爱尔兰,1025173
97,第97章 艺术品、...,307,意大利,685950
97,第97章 艺术品、...,309,荷兰,49192
97,第97章 艺术品、...,310,希腊,76099
97,第97章 艺术品、...,312,西班牙,439793
97,第97章 艺术品、...,315,奥地利,155584
97,第97章 艺术品、...,321,匈牙利,20359
97,第97章 艺术品、...,327,波兰,5375
97,第97章 艺术品、...,340,白俄罗斯,5429
97,第97章 艺术品、...,410,巴西,345
97,第97章 艺术品、...,415,哥斯达黎加,48
97,第97章 艺术品、...,429,墨西哥,142819
97,第97章 艺术品、...,501,加拿大,2887127
98,第98章 特殊交易...,108,塞浦路斯,54360
98,第98章 特殊交易...,109,朝鲜,1948
98,第98章 特殊交易...,118,科威特,113075
98,第98章 特殊交易...,123,马尔代夫,6536
98,第98章 特殊交易...,124,蒙古,1240120
98,第98章 特殊交易...,127,巴基斯坦,1213915
98,第98章 特殊交易...,129,菲律宾,3736710
98,第98章 特殊交易...,137,土耳其,3596722
98,第98章 特殊交易...,138,阿联酋,2815575
98,第98章 特殊交易...,147,塔吉克斯坦,2849
98,第98章 特殊交易...,203,贝宁,19314
98,第98章 特殊交易...,207,加那利群岛,2916
98,第98章 特殊交易...,208,佛得角,5626
98,第98章 特殊交易...,209,中非,6202
98,第98章 特殊交易...,211,乍得,7621
98,第98章 特殊交易...,213,刚果共和国,7451
98,第98章 特殊交易...,219,冈比亚,11241
98,第98章 特殊交易...,220,加纳,85310
98,第98章 特殊交易...,222,几内亚比绍,51
98,第98章 特殊交易...,224,肯尼亚,105317
98,第98章 特殊交易...,227,马达加斯加,116252
98,第98章 特殊交易...,233,莫桑比克,114654
98,第98章 特殊交易...,235,尼日尔,19780
98,第98章 特殊交易...,239,圣多美和普林西比,574
98,第98章 特殊交易...,241,塞舌尔,964
98,第98章 特殊交易...,244,南非,830194
98,第98章 特殊交易...,250,乌干达,38418
98,第98章 特殊交易...,252,刚果民主共和国,41863
98,第98章 特殊交易...,254,津巴布韦,16147
98,第98章 特殊交易...,255,莱索托,431
98,第98章 特殊交易...,258,厄立特里亚,300
98,第98章 特殊交易...,299,非洲其他国家(地区),1763
98,第98章 特殊交易...,301,比利时,1375977
98,第98章 特殊交易...,305,法国,15809274
98,第98章 特殊交易...,306,爱尔兰,977328
98,第98章 特殊交易...,307,意大利,30854296
98,第98章 特殊交易...,309,荷兰,13526821
98,第98章 特殊交易...,310,希腊,403579
98,第98章 特殊交易...,312,西班牙,7574471
98,第98章 特殊交易...,313,阿尔巴尼亚,106089
98,第98章 特殊交易...,314,安道尔,2261
98,第98章 特殊交易...,315,奥地利,1538801
98,第98章 特殊交易...,316,保加利亚,1235145
98,第98章 特殊交易...,318,芬兰,905026
98,第98章 特殊交易...,321,匈牙利,1101729
98,第98章 特殊交易...,326,挪威,622661
98,第98章 特殊交易...,327,波兰,2424185
98,第98章 特殊交易...,336,立陶宛,286788
98,第98章 特殊交易...,339,阿塞拜疆,26861
98,第98章 特殊交易...,340,白俄罗斯,45153
98,第98章 特殊交易...,350,斯洛文尼亚,260480
98,第98章 特殊交易...,357,法罗群岛,139
98,第98章 特殊交易...,359,黑山,1331
98,第98章 特殊交易...,404,巴哈马,1642
98,第98章 特殊交易...,405,巴巴多斯,130899
98,第98章 特殊交易...,406,伯利兹,275
98,第98章 特殊交易...,408,玻利维亚,55257
98,第98章 特殊交易...,410,巴西,1843641
98,第98章 特殊交易...,415,哥斯达黎加,108382
98,第98章 特殊交易...,422,瓜德罗普,2927
98,第98章 特殊交易...,427,牙买加,31232
98,第98章 特殊交易...,429,墨西哥,2497596
98,第98章 特殊交易...,431,尼加拉瓜,35328
98,第98章 特殊交易...,435,波多黎各,31140
98,第98章 特殊交易...,442,特立尼达和多巴哥,29549
98,第98章 特殊交易...,443,特克斯和凯科斯群岛,272
98,第98章 特殊交易...,444,乌拉圭,58016
98,第98章 特殊交易...,501,加拿大,73539405
98,第98章 特殊交易...,617,萨摩亚,1357
