商品编码,商品名称,贸易伙伴编码,贸易伙伴名称,人民币
1,第1章 活动物,110,中国香港,94041
1,第1章 活动物,112,印度尼西亚,42746
1,第1章 活动物,116,日本,2041120
1,第1章 活动物,119,老挝,1124797
1,第1章 活动物,143,中国台湾,499686
1,第1章 活动物,502,美国,62881563
2,第2章 肉及食用...,136,泰国,344827119
2,第2章 肉及食用...,149,乌兹别克斯坦,5648097
2,第2章 肉及食用...,234,纳米比亚,2428305
2,第2章 肉及食用...,303,英国,135213527
2,第2章 肉及食用...,344,俄罗斯,307505303
2,第2章 肉及食用...,502,美国,1663608560
2,第2章 肉及食用...,601,澳大利亚,1510459006
3,第3章 鱼、甲壳...,110,中国香港,95791678
3,第3章 鱼、甲壳...,111,印度,475636828
3,第3章 鱼、甲壳...,112,印度尼西亚,597005180
3,第3章 鱼、甲壳...,113,伊朗,40936541
3,第3章 鱼、甲壳...,122,马来西亚,165005781
3,第3章 鱼、甲壳...,132,新加坡,18904819
3,第3章 鱼、甲壳...,133,韩国,139491766
3,第3章 鱼、甲壳...,136,泰国,222277820
3,第3章 鱼、甲壳...,141,越南,406180512
3,第3章 鱼、甲壳...,142,中国,3474088
3,第3章 鱼、甲壳...,143,中国台湾,65276547
3,第3章 鱼、甲壳...,145,哈萨克斯坦,533387
3,第3章 鱼、甲壳...,230,毛里塔尼亚,3968570
3,第3章 鱼、甲壳...,234,纳米比亚,3237955
3,第3章 鱼、甲壳...,240,塞内加尔,6270932
3,第3章 鱼、甲壳...,303,英国,107707493
3,第3章 鱼、甲壳...,304,德国,16900352
3,第3章 鱼、甲壳...,344,俄罗斯,1608210215
3,第3章 鱼、甲壳...,401,安提瓜和巴布达,3867164
3,第3章 鱼、甲壳...,424,圭亚那,2333574
3,第3章 鱼、甲壳...,441,苏里南,10160408
3,第3章 鱼、甲壳...,502,美国,609544014
3,第3章 鱼、甲壳...,601,澳大利亚,72656547
4,第4章 乳品；蛋...,112,印度尼西亚,315153004
4,第4章 乳品；蛋...,113,伊朗,986
4,第4章 乳品；蛋...,116,日本,51606
4,第4章 乳品；蛋...,122,马来西亚,136527261
4,第4章 乳品；蛋...,132,新加坡,5246747
4,第4章 乳品；蛋...,133,韩国,3536644
4,第4章 乳品；蛋...,136,泰国,2974856
4,第4章 乳品；蛋...,141,越南,12772396
4,第4章 乳品；蛋...,303,英国,32386866
4,第4章 乳品；蛋...,304,德国,127196698
4,第4章 乳品；蛋...,344,俄罗斯,4437645
4,第4章 乳品；蛋...,351,克罗地亚,1102
4,第4章 乳品；蛋...,502,美国,190854475
4,第4章 乳品；蛋...,601,澳大利亚,395253949
5,第5章 其他动物...,111,印度,1927798
5,第5章 其他动物...,112,印度尼西亚,4087730
5,第5章 其他动物...,116,日本,2440134
5,第5章 其他动物...,120,黎巴嫩,416947
5,第5章 其他动物...,122,马来西亚,1434470
5,第5章 其他动物...,132,新加坡,871
5,第5章 其他动物...,133,韩国,5715351
5,第5章 其他动物...,136,泰国,20900128
5,第5章 其他动物...,139,也门,519112
5,第5章 其他动物...,141,越南,40753784
5,第5章 其他动物...,143,中国台湾,109403083
5,第5章 其他动物...,145,哈萨克斯坦,4788511
5,第5章 其他动物...,149,乌兹别克斯坦,12840658
5,第5章 其他动物...,206,喀麦隆,63714
5,第5章 其他动物...,230,毛里塔尼亚,939103
5,第5章 其他动物...,240,塞内加尔,291860
5,第5章 其他动物...,249,突尼斯,166061
5,第5章 其他动物...,303,英国,374339
5,第5章 其他动物...,304,德国,697079
5,第5章 其他动物...,344,俄罗斯,18688437
5,第5章 其他动物...,502,美国,234520489
5,第5章 其他动物...,601,澳大利亚,29068001
6,第6章 活树及其...,111,印度,93705
6,第6章 活树及其...,112,印度尼西亚,1319473
6,第6章 活树及其...,113,伊朗,275121
6,第6章 活树及其...,116,日本,24094190
6,第6章 活树及其...,122,马来西亚,506827
6,第6章 活树及其...,133,韩国,291522
6,第6章 活树及其...,136,泰国,7041572
6,第6章 活树及其...,141,越南,319133
6,第6章 活树及其...,143,中国台湾,496189
6,第6章 活树及其...,206,喀麦隆,6484
6,第6章 活树及其...,217,埃塞俄比亚,670987
6,第6章 活树及其...,303,英国,246323
6,第6章 活树及其...,304,德国,722183
6,第6章 活树及其...,502,美国,4335656
6,第6章 活树及其...,601,澳大利亚,478656
7,第7章 食用蔬菜...,111,印度,40109089
7,第7章 食用蔬菜...,112,印度尼西亚,20212523
7,第7章 食用蔬菜...,116,日本,180358
7,第7章 食用蔬菜...,119,老挝,1719281
7,第7章 食用蔬菜...,122,马来西亚,1776
7,第7章 食用蔬菜...,133,韩国,2131
7,第7章 食用蔬菜...,136,泰国,559839597
7,第7章 食用蔬菜...,141,越南,138072087
7,第7章 食用蔬菜...,142,中国,12044
7,第7章 食用蔬菜...,143,中国台湾,142
7,第7章 食用蔬菜...,149,乌兹别克斯坦,61103276
7,第7章 食用蔬菜...,217,埃塞俄比亚,31312533
7,第7章 食用蔬菜...,303,英国,391028
7,第7章 食用蔬菜...,344,俄罗斯,128012904
7,第7章 食用蔬菜...,358,塞尔维亚,344144
7,第7章 食用蔬菜...,502,美国,27248690
7,第7章 食用蔬菜...,601,澳大利亚,8190064
8,第8章 食用水果...,111,印度,18876619
8,第8章 食用水果...,112,印度尼西亚,338239379
8,第8章 食用水果...,113,伊朗,86654963
8,第8章 食用水果...,116,日本,102590
8,第8章 食用水果...,119,老挝,82702591
8,第8章 食用水果...,122,马来西亚,86675165
8,第8章 食用水果...,133,韩国,10988
8,第8章 食用水果...,136,泰国,1040447460
8,第8章 食用水果...,141,越南,1108859116
8,第8章 食用水果...,142,中国,270724
8,第8章 食用水果...,143,中国台湾,49947675
8,第8章 食用水果...,149,乌兹别克斯坦,5153733
8,第8章 食用水果...,223,科特迪瓦,7994077
8,第8章 食用水果...,358,塞尔维亚,414805
8,第8章 食用水果...,502,美国,744116219
8,第8章 食用水果...,601,澳大利亚,278727302
9,第9章 咖啡、茶...,110,中国香港,332606
9,第9章 咖啡、茶...,111,印度,917560640
9,第9章 咖啡、茶...,112,印度尼西亚,86250462
9,第9章 咖啡、茶...,113,伊朗,7720315
9,第9章 咖啡、茶...,116,日本,8189114
9,第9章 咖啡、茶...,122,马来西亚,6051244
9,第9章 咖啡、茶...,132,新加坡,1978776
9,第9章 咖啡、茶...,133,韩国,70809
9,第9章 咖啡、茶...,136,泰国,2220536
9,第9章 咖啡、茶...,141,越南,63527070
9,第9章 咖啡、茶...,142,中国,160828
9,第9章 咖啡、茶...,143,中国台湾,5567921
9,第9章 咖啡、茶...,145,哈萨克斯坦,15752
9,第9章 咖啡、茶...,150,格鲁吉亚(2023年起),22528522
9,第9章 咖啡、茶...,205,布隆迪,4216825
9,第9章 咖啡、茶...,217,埃塞俄比亚,33734550
9,第9章 咖啡、茶...,303,英国,1602174
9,第9章 咖啡、茶...,304,德国,3054965
9,第9章 咖啡、茶...,344,俄罗斯,710
9,第9章 咖啡、茶...,358,塞尔维亚,36571
9,第9章 咖啡、茶...,440,萨尔瓦多,7657
9,第9章 咖啡、茶...,502,美国,24981530
9,第9章 咖啡、茶...,601,澳大利亚,1008008
10,第10章 谷物,111,印度,2921784
10,第10章 谷物,116,日本,1048249
10,第10章 谷物,119,老挝,9976909
10,第10章 谷物,136,泰国,125759536
10,第10章 谷物,141,越南,111767666
10,第10章 谷物,145,哈萨克斯坦,201567556
10,第10章 谷物,304,德国,243766486
10,第10章 谷物,344,俄罗斯,226165420
10,第10章 谷物,502,美国,1565270797
10,第10章 谷物,601,澳大利亚,3275556574
11,第11章 制粉工业...,110,中国香港,192
11,第11章 制粉工业...,111,印度,33576
11,第11章 制粉工业...,112,印度尼西亚,129
11,第11章 制粉工业...,116,日本,19688140
11,第11章 制粉工业...,119,老挝,222368825
11,第11章 制粉工业...,133,韩国,460751
11,第11章 制粉工业...,136,泰国,861736062
11,第11章 制粉工业...,141,越南,507154571
11,第11章 制粉工业...,303,英国,2239288
11,第11章 制粉工业...,304,德国,11390187
11,第11章 制粉工业...,344,俄罗斯,31652187
11,第11章 制粉工业...,351,克罗地亚,6640
11,第11章 制粉工业...,502,美国,2261752
11,第11章 制粉工业...,601,澳大利亚,8680649
12,第12章 含油子仁...,110,中国香港,2785
12,第12章 含油子仁...,111,印度,25379072
12,第12章 含油子仁...,112,印度尼西亚,117276874
12,第12章 含油子仁...,113,伊朗,120565
12,第12章 含油子仁...,116,日本,12281690
12,第12章 含油子仁...,119,老挝,82368363
12,第12章 含油子仁...,125,尼泊尔,325362
12,第12章 含油子仁...,133,韩国,38696506
12,第12章 含油子仁...,136,泰国,35885370
12,第12章 含油子仁...,141,越南,18858789
12,第12章 含油子仁...,142,中国,1919065
12,第12章 含油子仁...,143,中国台湾,1682814
12,第12章 含油子仁...,145,哈萨克斯坦,42366906
12,第12章 含油子仁...,148,土库曼斯坦,1586606
12,第12章 含油子仁...,149,乌兹别克斯坦,8890739
12,第12章 含油子仁...,152,阿塞拜疆(2023年起),624454
12,第12章 含油子仁...,217,埃塞俄比亚,383449324
12,第12章 含油子仁...,234,纳米比亚,1130244
12,第12章 含油子仁...,240,塞内加尔,385289376
12,第12章 含油子仁...,303,英国,10884
12,第12章 含油子仁...,304,德国,19344771
12,第12章 含油子仁...,324,马耳他,15796
12,第12章 含油子仁...,344,俄罗斯,518363586
12,第12章 含油子仁...,358,塞尔维亚,308
12,第12章 含油子仁...,502,美国,9356320111
12,第12章 含油子仁...,601,澳大利亚,58314583
13,第13章 虫胶；树...,111,印度,20152663
13,第13章 虫胶；树...,112,印度尼西亚,39200323
13,第13章 虫胶；树...,113,伊朗,284120
13,第13章 虫胶；树...,116,日本,968242
13,第13章 虫胶；树...,119,老挝,5670000
13,第13章 虫胶；树...,122,马来西亚,1104559
13,第13章 虫胶；树...,132,新加坡,2836908
13,第13章 虫胶；树...,133,韩国,5345581
13,第13章 虫胶；树...,136,泰国,2700199
13,第13章 虫胶；树...,141,越南,6000879
13,第13章 虫胶；树...,142,中国,13917
13,第13章 虫胶；树...,143,中国台湾,1615300
13,第13章 虫胶；树...,148,土库曼斯坦,5197095
13,第13章 虫胶；树...,149,乌兹别克斯坦,16163124
13,第13章 虫胶；树...,217,埃塞俄比亚,252671
13,第13章 虫胶；树...,243,索马里,198884
13,第13章 虫胶；树...,303,英国,26265
13,第13章 虫胶；树...,304,德国,3427673
13,第13章 虫胶；树...,502,美国,18134154
13,第13章 虫胶；树...,601,澳大利亚,88888
14,第14章 编结用植...,111,印度,48358340
14,第14章 编结用植...,112,印度尼西亚,3900112
14,第14章 编结用植...,113,伊朗,317778
14,第14章 编结用植...,116,日本,76817
14,第14章 编结用植...,119,老挝,482919
14,第14章 编结用植...,122,马来西亚,4801205
14,第14章 编结用植...,133,韩国,39590
14,第14章 编结用植...,136,泰国,85963
14,第14章 编结用植...,141,越南,3646205
14,第14章 编结用植...,142,中国,56870
14,第14章 编结用植...,143,中国台湾,192868
14,第14章 编结用植...,145,哈萨克斯坦,2717258
14,第14章 编结用植...,206,喀麦隆,18486
14,第14章 编结用植...,303,英国,900431
14,第14章 编结用植...,304,德国,6295
14,第14章 编结用植...,502,美国,2413027
14,第14章 编结用植...,701,国家(地区)不明,1444
15,动、植物或微生物油、...,110,中国香港,7542402
15,动、植物或微生物油、...,111,印度,497868276
15,动、植物或微生物油、...,112,印度尼西亚,2711721909
15,动、植物或微生物油、...,116,日本,4217467
15,动、植物或微生物油、...,122,马来西亚,575704857
15,动、植物或微生物油、...,132,新加坡,12924986
15,动、植物或微生物油、...,133,韩国,16516930
15,动、植物或微生物油、...,136,泰国,19187122
15,动、植物或微生物油、...,141,越南,8729594
15,动、植物或微生物油、...,142,中国,2678370
15,动、植物或微生物油、...,143,中国台湾,2508381
15,动、植物或微生物油、...,145,哈萨克斯坦,96574670
15,动、植物或微生物油、...,217,埃塞俄比亚,2165790
15,动、植物或微生物油、...,234,纳米比亚,33073
15,动、植物或微生物油、...,249,突尼斯,84941
15,动、植物或微生物油、...,303,英国,6217325
15,动、植物或微生物油、...,304,德国,45384528
15,动、植物或微生物油、...,344,俄罗斯,1379976657
15,动、植物或微生物油、...,502,美国,99570918
15,动、植物或微生物油、...,601,澳大利亚,150532600
16,第16章 肉、鱼、...,111,印度,882855
16,第16章 肉、鱼、...,112,印度尼西亚,7915083
16,第16章 肉、鱼、...,122,马来西亚,3599287
16,第16章 肉、鱼、...,133,韩国,29088011
16,第16章 肉、鱼、...,136,泰国,21261824
16,第16章 肉、鱼、...,141,越南,14481942
16,第16章 肉、鱼、...,143,中国台湾,141719
16,第16章 肉、鱼、...,344,俄罗斯,899925
16,第16章 肉、鱼、...,502,美国,41577814
16,第16章 肉、鱼、...,601,澳大利亚,5146305
17,第17章 糖及糖食,110,中国香港,1516779
17,第17章 糖及糖食,111,印度,4969419
17,第17章 糖及糖食,112,印度尼西亚,2976967
17,第17章 糖及糖食,116,日本,18637532
17,第17章 糖及糖食,122,马来西亚,24652786
17,第17章 糖及糖食,132,新加坡,1426106
17,第17章 糖及糖食,133,韩国,27326569
17,第17章 糖及糖食,135,叙利亚,5271
17,第17章 糖及糖食,136,泰国,610422397
17,第17章 糖及糖食,141,越南,32994394
17,第17章 糖及糖食,142,中国,18525
17,第17章 糖及糖食,143,中国台湾,6817702
17,第17章 糖及糖食,145,哈萨克斯坦,14162
17,第17章 糖及糖食,148,土库曼斯坦,60731
17,第17章 糖及糖食,149,乌兹别克斯坦,234358
17,第17章 糖及糖食,303,英国,5129424
17,第17章 糖及糖食,304,德国,28208779
17,第17章 糖及糖食,344,俄罗斯,775928
17,第17章 糖及糖食,358,塞尔维亚,12097
17,第17章 糖及糖食,502,美国,120115726
17,第17章 糖及糖食,601,澳大利亚,29028546
18,第18章 可可及可...,110,中国香港,30598
18,第18章 可可及可...,111,印度,422109
18,第18章 可可及可...,112,印度尼西亚,75864070
18,第18章 可可及可...,116,日本,7744790
18,第18章 可可及可...,120,黎巴嫩,2422388
18,第18章 可可及可...,122,马来西亚,104212196
18,第18章 可可及可...,132,新加坡,47110467
18,第18章 可可及可...,133,韩国,5094319
18,第18章 可可及可...,136,泰国,1514030
18,第18章 可可及可...,141,越南,1200297
18,第18章 可可及可...,142,中国,101875
18,第18章 可可及可...,143,中国台湾,45148
18,第18章 可可及可...,145,哈萨克斯坦,8952251
18,第18章 可可及可...,148,土库曼斯坦,107966
18,第18章 可可及可...,149,乌兹别克斯坦,334472
18,第18章 可可及可...,152,阿塞拜疆(2023年起),557868
18,第18章 可可及可...,206,喀麦隆,1933073
18,第18章 可可及可...,223,科特迪瓦,10839970
18,第18章 可可及可...,242,塞拉利昂,28800
18,第18章 可可及可...,303,英国,5369116
18,第18章 可可及可...,304,德国,10467420
18,第18章 可可及可...,344,俄罗斯,12334531
18,第18章 可可及可...,358,塞尔维亚,10828
18,第18章 可可及可...,502,美国,11885885
18,第18章 可可及可...,601,澳大利亚,2020306
19,第19章 谷物、粮...,110,中国香港,39163972
19,第19章 谷物、粮...,111,印度,1917646
19,第19章 谷物、粮...,112,印度尼西亚,168484195
19,第19章 谷物、粮...,113,伊朗,154785
19,第19章 谷物、粮...,116,日本,26315025
19,第19章 谷物、粮...,122,马来西亚,28161141
19,第19章 谷物、粮...,132,新加坡,14762399
19,第19章 谷物、粮...,133,韩国,233708293
19,第19章 谷物、粮...,135,叙利亚,3764
19,第19章 谷物、粮...,136,泰国,56253327
19,第19章 谷物、粮...,141,越南,32320639
19,第19章 谷物、粮...,142,中国,304185
19,第19章 谷物、粮...,143,中国台湾,17014357
19,第19章 谷物、粮...,145,哈萨克斯坦,533750
19,第19章 谷物、粮...,149,乌兹别克斯坦,594458
19,第19章 谷物、粮...,303,英国,3680932
19,第19章 谷物、粮...,304,德国,139415237
19,第19章 谷物、粮...,344,俄罗斯,12834222
19,第19章 谷物、粮...,351,克罗地亚,308887
19,第19章 谷物、粮...,358,塞尔维亚,113542
19,第19章 谷物、粮...,502,美国,19472684
19,第19章 谷物、粮...,601,澳大利亚,72263247
20,第20章 蔬菜、水...,110,中国香港,8156576
20,第20章 蔬菜、水...,111,印度,15627534
20,第20章 蔬菜、水...,112,印度尼西亚,32490635
20,第20章 蔬菜、水...,113,伊朗,82146
20,第20章 蔬菜、水...,116,日本,5054844
20,第20章 蔬菜、水...,122,马来西亚,15979752
20,第20章 蔬菜、水...,133,韩国,59376672
20,第20章 蔬菜、水...,135,叙利亚,15341
20,第20章 蔬菜、水...,136,泰国,267860279
20,第20章 蔬菜、水...,141,越南,134107635
20,第20章 蔬菜、水...,142,中国,43241
20,第20章 蔬菜、水...,143,中国台湾,8152663
20,第20章 蔬菜、水...,145,哈萨克斯坦,414208
20,第20章 蔬菜、水...,150,格鲁吉亚(2023年起),66635
20,第20章 蔬菜、水...,303,英国,2488588
20,第20章 蔬菜、水...,304,德国,10884797
20,第20章 蔬菜、水...,344,俄罗斯,344895
20,第20章 蔬菜、水...,351,克罗地亚,465
20,第20章 蔬菜、水...,358,塞尔维亚,50890
20,第20章 蔬菜、水...,502,美国,191909347
20,第20章 蔬菜、水...,601,澳大利亚,3636927
21,第21章 杂项食品,110,中国香港,250255252
21,第21章 杂项食品,111,印度,3143578
21,第21章 杂项食品,112,印度尼西亚,57604000
21,第21章 杂项食品,113,伊朗,605
21,第21章 杂项食品,116,日本,123009344
21,第21章 杂项食品,119,老挝,266932
21,第21章 杂项食品,122,马来西亚,83748694
21,第21章 杂项食品,126,阿曼,5370
21,第21章 杂项食品,132,新加坡,59993498
21,第21章 杂项食品,133,韩国,197901606
21,第21章 杂项食品,136,泰国,137998139
21,第21章 杂项食品,141,越南,142263203
21,第21章 杂项食品,142,中国,8821104
21,第21章 杂项食品,143,中国台湾,67829688
21,第21章 杂项食品,145,哈萨克斯坦,754099
21,第21章 杂项食品,150,格鲁吉亚(2023年起),295
21,第21章 杂项食品,303,英国,106570296
21,第21章 杂项食品,304,德国,481439868
21,第21章 杂项食品,337,格鲁吉亚(2023年起停用),938
21,第21章 杂项食品,344,俄罗斯,7436628
21,第21章 杂项食品,351,克罗地亚,1214242
21,第21章 杂项食品,358,塞尔维亚,861349
21,第21章 杂项食品,502,美国,818815572
21,第21章 杂项食品,601,澳大利亚,647352505
22,第22章 饮料、酒...,110,中国香港,19375665
22,第22章 饮料、酒...,111,印度,22972
22,第22章 饮料、酒...,112,印度尼西亚,4896723
22,第22章 饮料、酒...,113,伊朗,11564
22,第22章 饮料、酒...,116,日本,134251143
22,第22章 饮料、酒...,119,老挝,2073121
22,第22章 饮料、酒...,120,黎巴嫩,2159
22,第22章 饮料、酒...,122,马来西亚,5271580
22,第22章 饮料、酒...,126,阿曼,896
22,第22章 饮料、酒...,132,新加坡,54236264
22,第22章 饮料、酒...,133,韩国,136706748
22,第22章 饮料、酒...,135,叙利亚,1899
22,第22章 饮料、酒...,136,泰国,82927373
22,第22章 饮料、酒...,141,越南,14784203
22,第22章 饮料、酒...,142,中国,84449903
22,第22章 饮料、酒...,143,中国台湾,46784208
22,第22章 饮料、酒...,145,哈萨克斯坦,573511
22,第22章 饮料、酒...,149,乌兹别克斯坦,51204
22,第22章 饮料、酒...,150,格鲁吉亚(2023年起),6705928
22,第22章 饮料、酒...,151,亚美尼亚(2023年起),863526
22,第22章 饮料、酒...,303,英国,239461194
22,第22章 饮料、酒...,304,德国,162954042
22,第22章 饮料、酒...,344,俄罗斯,9571841
22,第22章 饮料、酒...,351,克罗地亚,1023
22,第22章 饮料、酒...,358,塞尔维亚,2192715
22,第22章 饮料、酒...,502,美国,104379186
22,第22章 饮料、酒...,601,澳大利亚,48787083
23,第23章 食品工业...,111,印度,21345646
23,第23章 食品工业...,112,印度尼西亚,33294830
23,第23章 食品工业...,116,日本,28051073
23,第23章 食品工业...,122,马来西亚,58083908
23,第23章 食品工业...,132,新加坡,8215794
23,第23章 食品工业...,133,韩国,2921676
23,第23章 食品工业...,136,泰国,155711175
23,第23章 食品工业...,141,越南,225694402
23,第23章 食品工业...,143,中国台湾,2570364
23,第23章 食品工业...,145,哈萨克斯坦,105060219
23,第23章 食品工业...,230,毛里塔尼亚,31395002
23,第23章 食品工业...,231,毛里求斯,182315
23,第23章 食品工业...,234,纳米比亚,1409165
23,第23章 食品工业...,303,英国,2074554
23,第23章 食品工业...,304,德国,8538238
23,第23章 食品工业...,344,俄罗斯,463666582
23,第23章 食品工业...,502,美国,417363732
23,第23章 食品工业...,601,澳大利亚,25092649
24,第24章 烟草、烟...,110,中国香港,12759875
24,第24章 烟草、烟...,111,印度,104840
24,第24章 烟草、烟...,112,印度尼西亚,58481319
24,第24章 烟草、烟...,116,日本,25036210
24,第24章 烟草、烟...,119,老挝,2002151
24,第24章 烟草、烟...,122,马来西亚,742389
24,第24章 烟草、烟...,132,新加坡,3045138
24,第24章 烟草、烟...,133,韩国,63492663
24,第24章 烟草、烟...,142,中国,32746002
24,第24章 烟草、烟...,143,中国台湾,4469947
24,第24章 烟草、烟...,151,亚美尼亚(2023年起),7810425
24,第24章 烟草、烟...,303,英国,1361282
24,第24章 烟草、烟...,304,德国,2287842
24,第24章 烟草、烟...,414,多米尼克,65975
24,第24章 烟草、烟...,502,美国,23573383
24,第24章 烟草、烟...,701,国家(地区)不明,285361
25,第25章 盐；硫磺...,110,中国香港,517
25,第25章 盐；硫磺...,111,印度,833091846
25,第25章 盐；硫磺...,112,印度尼西亚,27689680
25,第25章 盐；硫磺...,113,伊朗,106297223
25,第25章 盐；硫磺...,116,日本,80493040
25,第25章 盐；硫磺...,119,老挝,748767
25,第25章 盐；硫磺...,122,马来西亚,46223414
25,第25章 盐；硫磺...,125,尼泊尔,3000
25,第25章 盐；硫磺...,126,阿曼,13657084
25,第25章 盐；硫磺...,132,新加坡,16878
25,第25章 盐；硫磺...,133,韩国,62701537
25,第25章 盐；硫磺...,136,泰国,15345687
25,第25章 盐；硫磺...,141,越南,30206465
25,第25章 盐；硫磺...,142,中国,1243714
25,第25章 盐；硫磺...,143,中国台湾,32020408
25,第25章 盐；硫磺...,145,哈萨克斯坦,1620765
25,第25章 盐；硫磺...,148,土库曼斯坦,8545900
25,第25章 盐；硫磺...,151,亚美尼亚(2023年起),36758
25,第25章 盐；硫磺...,152,阿塞拜疆(2023年起),5738089
25,第25章 盐；硫磺...,202,安哥拉,39358961
25,第25章 盐；硫磺...,206,喀麦隆,473
25,第25章 盐；硫磺...,217,埃塞俄比亚,4568806
25,第25章 盐；硫磺...,221,几内亚,292901
25,第25章 盐；硫磺...,225,利比里亚,790018
25,第25章 盐；硫磺...,230,毛里塔尼亚,38529
25,第25章 盐；硫磺...,234,纳米比亚,9763935
25,第25章 盐；硫磺...,242,塞拉利昂,771807
25,第25章 盐；硫磺...,243,索马里,80701
25,第25章 盐；硫磺...,249,突尼斯,1011216
25,第25章 盐；硫磺...,303,英国,5603505
25,第25章 盐；硫磺...,304,德国,7719090
25,第25章 盐；硫磺...,344,俄罗斯,48554086
25,第25章 盐；硫磺...,351,克罗地亚,4075596
25,第25章 盐；硫磺...,358,塞尔维亚,731813
25,第25章 盐；硫磺...,502,美国,837556115
25,第25章 盐；硫磺...,601,澳大利亚,1406903454
26,第26章 矿砂、矿...,111,印度,3759230598
26,第26章 矿砂、矿...,112,印度尼西亚,1801998275
26,第26章 矿砂、矿...,113,伊朗,1315857878
26,第26章 矿砂、矿...,116,日本,415838
26,第26章 矿砂、矿...,119,老挝,664380032
26,第26章 矿砂、矿...,122,马来西亚,320881699
26,第26章 矿砂、矿...,126,阿曼,603321964
26,第26章 矿砂、矿...,133,韩国,51230178
26,第26章 矿砂、矿...,136,泰国,116576262
26,第26章 矿砂、矿...,141,越南,240556932
26,第26章 矿砂、矿...,145,哈萨克斯坦,3840325717
26,第26章 矿砂、矿...,149,乌兹别克斯坦,14206
26,第26章 矿砂、矿...,151,亚美尼亚(2023年起),284992159
26,第26章 矿砂、矿...,204,博茨瓦纳,229444252
26,第26章 矿砂、矿...,217,埃塞俄比亚,11015718
26,第26章 矿砂、矿...,218,加蓬,396196398
26,第26章 矿砂、矿...,221,几内亚,4232268089
26,第26章 矿砂、矿...,223,科特迪瓦,99959193
26,第26章 矿砂、矿...,225,利比里亚,130181533
26,第26章 矿砂、矿...,230,毛里塔尼亚,1014642789
26,第26章 矿砂、矿...,234,纳米比亚,3205095
26,第26章 矿砂、矿...,240,塞内加尔,45472219
26,第26章 矿砂、矿...,242,塞拉利昂,771131141
26,第26章 矿砂、矿...,303,英国,25341
26,第26章 矿砂、矿...,304,德国,6743
26,第26章 矿砂、矿...,344,俄罗斯,3574155518
26,第26章 矿砂、矿...,358,塞尔维亚,969711029
26,第26章 矿砂、矿...,502,美国,762653313
26,第26章 矿砂、矿...,601,澳大利亚,51228150029
26,第26章 矿砂、矿...,607,新喀里多尼亚,116934285
27,第27章 矿物燃料...,102,巴林,158384
27,第27章 矿物燃料...,110,中国香港,91250579
27,第27章 矿物燃料...,111,印度,345144568
27,第27章 矿物燃料...,112,印度尼西亚,11828548522
27,第27章 矿物燃料...,113,伊朗,11408537
27,第27章 矿物燃料...,116,日本,322048972
27,第27章 矿物燃料...,119,老挝,7113879
27,第27章 矿物燃料...,122,马来西亚,29209076937
27,第27章 矿物燃料...,126,阿曼,16914869503
27,第27章 矿物燃料...,132,新加坡,1356437874
27,第27章 矿物燃料...,133,韩国,2884446719
27,第27章 矿物燃料...,136,泰国,329403462
27,第27章 矿物燃料...,141,越南,46985067
27,第27章 矿物燃料...,142,中国,1107800
27,第27章 矿物燃料...,143,中国台湾,224832827
27,第27章 矿物燃料...,145,哈萨克斯坦,1065988324
27,第27章 矿物燃料...,148,土库曼斯坦,5339825010
27,第27章 矿物燃料...,202,安哥拉,10509426411
27,第27章 矿物燃料...,218,加蓬,2270665516
27,第27章 矿物燃料...,303,英国,33242128
27,第27章 矿物燃料...,304,德国,115444109
27,第27章 矿物燃料...,344,俄罗斯,64806575202
27,第27章 矿物燃料...,424,圭亚那,385882053
27,第27章 矿物燃料...,502,美国,12340509798
27,第27章 矿物燃料...,601,澳大利亚,13694387756
27,第27章 矿物燃料...,701,国家(地区)不明,11719
28,第28章 无机化学...,110,中国香港,1135481
28,第28章 无机化学...,111,印度,30697013
28,第28章 无机化学...,112,印度尼西亚,545723557
28,第28章 无机化学...,113,伊朗,30216681
28,第28章 无机化学...,116,日本,719646309
28,第28章 无机化学...,119,老挝,124459712
28,第28章 无机化学...,122,马来西亚,212272802
28,第28章 无机化学...,132,新加坡,17744399
28,第28章 无机化学...,133,韩国,1910033425
28,第28章 无机化学...,136,泰国,31797230
28,第28章 无机化学...,141,越南,155575657
28,第28章 无机化学...,142,中国,19167554
28,第28章 无机化学...,143,中国台湾,248717164
28,第28章 无机化学...,145,哈萨克斯坦,34263917
28,第28章 无机化学...,148,土库曼斯坦,810359
28,第28章 无机化学...,149,乌兹别克斯坦,1719438
28,第28章 无机化学...,150,格鲁吉亚(2023年起),3731979
28,第28章 无机化学...,202,安哥拉,542148
28,第28章 无机化学...,234,纳米比亚,576748758
28,第28章 无机化学...,303,英国,33932757
28,第28章 无机化学...,304,德国,502107554
28,第28章 无机化学...,344,俄罗斯,465321286
28,第28章 无机化学...,502,美国,1005979303
28,第28章 无机化学...,601,澳大利亚,757749286
29,第29章 有机化学...,102,巴林,20776967
29,第29章 有机化学...,110,中国香港,686195
29,第29章 有机化学...,111,印度,832505633
29,第29章 有机化学...,112,印度尼西亚,504071138
29,第29章 有机化学...,113,伊朗,337743001
29,第29章 有机化学...,116,日本,3155156679
29,第29章 有机化学...,119,老挝,162790
29,第29章 有机化学...,122,马来西亚,649711433
29,第29章 有机化学...,126,阿曼,686921274
29,第29章 有机化学...,132,新加坡,1083101306
29,第29章 有机化学...,133,韩国,6863659489
29,第29章 有机化学...,136,泰国,316856499
29,第29章 有机化学...,141,越南,270326964
29,第29章 有机化学...,142,中国,182457022
29,第29章 有机化学...,143,中国台湾,1396794397
29,第29章 有机化学...,145,哈萨克斯坦,410261
29,第29章 有机化学...,149,乌兹别克斯坦,17198213
29,第29章 有机化学...,151,亚美尼亚(2023年起),22534
29,第29章 有机化学...,303,英国,106705827
29,第29章 有机化学...,304,德国,950534864
29,第29章 有机化学...,324,马耳他,481025
29,第29章 有机化学...,344,俄罗斯,273352300
29,第29章 有机化学...,351,克罗地亚,7201663
29,第29章 有机化学...,358,塞尔维亚,585015
29,第29章 有机化学...,502,美国,2092913513
29,第29章 有机化学...,601,澳大利亚,892990
29,第29章 有机化学...,701,国家(地区)不明,8307
30,第30章 药品,110,中国香港,404829188
30,第30章 药品,111,印度,66387136
30,第30章 药品,112,印度尼西亚,11018790
30,第30章 药品,116,日本,1348971614
30,第30章 药品,122,马来西亚,46713
30,第30章 药品,125,尼泊尔,141050
30,第30章 药品,132,新加坡,57910650
30,第30章 药品,133,韩国,45758644
30,第30章 药品,136,泰国,20597556
30,第30章 药品,141,越南,22195
30,第30章 药品,142,中国,7155213
30,第30章 药品,143,中国台湾,80303329
30,第30章 药品,303,英国,567469977
30,第30章 药品,304,德国,3217542957
30,第30章 药品,324,马耳他,3487
30,第30章 药品,344,俄罗斯,924554
30,第30章 药品,351,克罗地亚,5978
30,第30章 药品,502,美国,3039022837
30,第30章 药品,601,澳大利亚,252532165
31,第31章 肥料,111,印度,479365
31,第31章 肥料,112,印度尼西亚,729180
31,第31章 肥料,116,日本,10519064
31,第31章 肥料,119,老挝,319051819
31,第31章 肥料,125,尼泊尔,298
31,第31章 肥料,133,韩国,774452
31,第31章 肥料,136,泰国,452
31,第31章 肥料,141,越南,2739685
31,第31章 肥料,142,中国,657
31,第31章 肥料,143,中国台湾,6649399
31,第31章 肥料,145,哈萨克斯坦,2427551
31,第31章 肥料,303,英国,3867673
31,第31章 肥料,304,德国,26652879
31,第31章 肥料,344,俄罗斯,1098998257
31,第31章 肥料,502,美国,12250054
31,第31章 肥料,601,澳大利亚,772467
32,第32章 鞣料浸膏...,110,中国香港,1534470
32,第32章 鞣料浸膏...,111,印度,129834886
32,第32章 鞣料浸膏...,112,印度尼西亚,27853593
32,第32章 鞣料浸膏...,116,日本,836853525
32,第32章 鞣料浸膏...,122,马来西亚,88156055
32,第32章 鞣料浸膏...,125,尼泊尔,36560
32,第32章 鞣料浸膏...,132,新加坡,63402279
32,第32章 鞣料浸膏...,133,韩国,583980547
32,第32章 鞣料浸膏...,136,泰国,51662100
32,第32章 鞣料浸膏...,141,越南,16612191
32,第32章 鞣料浸膏...,142,中国,13439094
32,第32章 鞣料浸膏...,143,中国台湾,154149558
32,第32章 鞣料浸膏...,149,乌兹别克斯坦,3192948
32,第32章 鞣料浸膏...,303,英国,53050001
32,第32章 鞣料浸膏...,304,德国,320216122
32,第32章 鞣料浸膏...,344,俄罗斯,3863260
32,第32章 鞣料浸膏...,351,克罗地亚,13838
32,第32章 鞣料浸膏...,358,塞尔维亚,273029
32,第32章 鞣料浸膏...,502,美国,229935614
32,第32章 鞣料浸膏...,601,澳大利亚,35043939
32,第32章 鞣料浸膏...,701,国家(地区)不明,55188
33,第33章 精油及香...,102,巴林,798385
33,第33章 精油及香...,110,中国香港,45371524
33,第33章 精油及香...,111,印度,46882867
33,第33章 精油及香...,112,印度尼西亚,32907620
33,第33章 精油及香...,113,伊朗,261511
33,第33章 精油及香...,116,日本,2431647711
33,第33章 精油及香...,119,老挝,20992
33,第33章 精油及香...,120,黎巴嫩,2197
33,第33章 精油及香...,122,马来西亚,4573698
33,第33章 精油及香...,125,尼泊尔,209166
33,第33章 精油及香...,126,阿曼,1709903
33,第33章 精油及香...,132,新加坡,77580062
33,第33章 精油及香...,133,韩国,1243925701
33,第33章 精油及香...,135,叙利亚,176
33,第33章 精油及香...,136,泰国,215847800
33,第33章 精油及香...,141,越南,9025006
33,第33章 精油及香...,142,中国,49515347
33,第33章 精油及香...,143,中国台湾,74081202
33,第33章 精油及香...,212,科摩罗,55958
33,第33章 精油及香...,223,科特迪瓦,1464
33,第33章 精油及香...,240,塞内加尔,194
33,第33章 精油及香...,243,索马里,10388
33,第33章 精油及香...,249,突尼斯,220208
33,第33章 精油及香...,303,英国,1010763918
33,第33章 精油及香...,304,德国,190527089
33,第33章 精油及香...,344,俄罗斯,1529225
33,第33章 精油及香...,351,克罗地亚,115856
33,第33章 精油及香...,358,塞尔维亚,79772
33,第33章 精油及香...,425,海地,491350
33,第33章 精油及香...,440,萨尔瓦多,5076
33,第33章 精油及香...,502,美国,1525057630
33,第33章 精油及香...,601,澳大利亚,144403511
34,第34章 肥皂、有...,110,中国香港,9335974
34,第34章 肥皂、有...,111,印度,14502154
34,第34章 肥皂、有...,112,印度尼西亚,88461018
34,第34章 肥皂、有...,116,日本,965941169
34,第34章 肥皂、有...,122,马来西亚,94356500
34,第34章 肥皂、有...,125,尼泊尔,3729
34,第34章 肥皂、有...,132,新加坡,104084857
34,第34章 肥皂、有...,133,韩国,286656750
34,第34章 肥皂、有...,135,叙利亚,1869431
34,第34章 肥皂、有...,136,泰国,60307783
34,第34章 肥皂、有...,141,越南,16529751
34,第34章 肥皂、有...,142,中国,12701647
34,第34章 肥皂、有...,143,中国台湾,190334506
34,第34章 肥皂、有...,145,哈萨克斯坦,492
34,第34章 肥皂、有...,149,乌兹别克斯坦,4111
34,第34章 肥皂、有...,303,英国,54655297
34,第34章 肥皂、有...,304,德国,367921511
34,第34章 肥皂、有...,344,俄罗斯,179075
34,第34章 肥皂、有...,358,塞尔维亚,632687
34,第34章 肥皂、有...,502,美国,455534127
34,第34章 肥皂、有...,601,澳大利亚,22671791
34,第34章 肥皂、有...,701,国家(地区)不明,820
35,第35章 蛋白类物...,110,中国香港,698696
35,第35章 蛋白类物...,111,印度,5264590
35,第35章 蛋白类物...,112,印度尼西亚,6345174
35,第35章 蛋白类物...,113,伊朗,1850
35,第35章 蛋白类物...,116,日本,520881756
35,第35章 蛋白类物...,122,马来西亚,22019820
35,第35章 蛋白类物...,132,新加坡,47569278
35,第35章 蛋白类物...,133,韩国,213762552
35,第35章 蛋白类物...,136,泰国,145036147
35,第35章 蛋白类物...,141,越南,112310713
35,第35章 蛋白类物...,142,中国,19073293
35,第35章 蛋白类物...,143,中国台湾,130528427
35,第35章 蛋白类物...,149,乌兹别克斯坦,1129164
35,第35章 蛋白类物...,303,英国,48311581
35,第35章 蛋白类物...,304,德国,233101954
35,第35章 蛋白类物...,324,马耳他,14773
35,第35章 蛋白类物...,344,俄罗斯,110444
35,第35章 蛋白类物...,358,塞尔维亚,14345
35,第35章 蛋白类物...,502,美国,278001301
35,第35章 蛋白类物...,601,澳大利亚,45369006
36,第36章 炸药；烟...,116,日本,3619566
36,第36章 炸药；烟...,122,马来西亚,8081087
36,第36章 炸药；烟...,136,泰国,16503961
36,第36章 炸药；烟...,304,德国,6643076
36,第36章 炸药；烟...,502,美国,28568518
36,第36章 炸药；烟...,601,澳大利亚,235108
37,第37章 照相及电...,110,中国香港,4682150
37,第37章 照相及电...,116,日本,1065412907
37,第37章 照相及电...,122,马来西亚,19943107
37,第37章 照相及电...,132,新加坡,1723236
37,第37章 照相及电...,133,韩国,535621755
37,第37章 照相及电...,141,越南,69175
37,第37章 照相及电...,142,中国,5009853
37,第37章 照相及电...,143,中国台湾,169273260
37,第37章 照相及电...,303,英国,1092986
37,第37章 照相及电...,304,德国,11605199
37,第37章 照相及电...,502,美国,390509381
37,第37章 照相及电...,701,国家(地区)不明,69584
38,第38章 杂项化学...,110,中国香港,14867539
38,第38章 杂项化学...,111,印度,167021133
38,第38章 杂项化学...,112,印度尼西亚,1672139908
38,第38章 杂项化学...,113,伊朗,46880
38,第38章 杂项化学...,116,日本,2565747205
38,第38章 杂项化学...,119,老挝,3483413
38,第38章 杂项化学...,120,黎巴嫩,352297
38,第38章 杂项化学...,122,马来西亚,421552825
38,第38章 杂项化学...,126,阿曼,43778
38,第38章 杂项化学...,132,新加坡,846033972
38,第38章 杂项化学...,133,韩国,1240230680
38,第38章 杂项化学...,136,泰国,270267201
38,第38章 杂项化学...,141,越南,172736289
38,第38章 杂项化学...,142,中国,72238716
38,第38章 杂项化学...,143,中国台湾,448623864
38,第38章 杂项化学...,145,哈萨克斯坦,7047685
38,第38章 杂项化学...,150,格鲁吉亚(2023年起),904881
38,第38章 杂项化学...,223,科特迪瓦,427731
38,第38章 杂项化学...,303,英国,389262344
38,第38章 杂项化学...,304,德国,2418374341
38,第38章 杂项化学...,344,俄罗斯,35534860
38,第38章 杂项化学...,351,克罗地亚,11322
38,第38章 杂项化学...,399,欧洲其他国家(地区),1883
38,第38章 杂项化学...,502,美国,2722978746
38,第38章 杂项化学...,601,澳大利亚,30921861
38,第38章 杂项化学...,701,国家(地区)不明,12995
39,第39章 塑料及其...,102,巴林,302243
39,第39章 塑料及其...,110,中国香港,144379525
39,第39章 塑料及其...,111,印度,285441255
39,第39章 塑料及其...,112,印度尼西亚,227188352
39,第39章 塑料及其...,113,伊朗,631748682
39,第39章 塑料及其...,116,日本,6023713326
39,第39章 塑料及其...,119,老挝,2801760
39,第39章 塑料及其...,120,黎巴嫩,2608
39,第39章 塑料及其...,122,马来西亚,1138955849
39,第39章 塑料及其...,125,尼泊尔,20531
39,第39章 塑料及其...,126,阿曼,51825010
39,第39章 塑料及其...,132,新加坡,1934904887
39,第39章 塑料及其...,133,韩国,5545016622
39,第39章 塑料及其...,136,泰国,1774667937
39,第39章 塑料及其...,139,也门,448425
39,第39章 塑料及其...,141,越南,406481345
39,第39章 塑料及其...,142,中国,442663298
39,第39章 塑料及其...,143,中国台湾,3340065099
39,第39章 塑料及其...,145,哈萨克斯坦,43894448
39,第39章 塑料及其...,149,乌兹别克斯坦,25691724
39,第39章 塑料及其...,150,格鲁吉亚(2023年起),6425
39,第39章 塑料及其...,151,亚美尼亚(2023年起),6261
39,第39章 塑料及其...,152,阿塞拜疆(2023年起),17033789
39,第39章 塑料及其...,202,安哥拉,7053
39,第39章 塑料及其...,206,喀麦隆,4969
39,第39章 塑料及其...,217,埃塞俄比亚,47229
39,第39章 塑料及其...,218,加蓬,478
39,第39章 塑料及其...,231,毛里求斯,523
39,第39章 塑料及其...,242,塞拉利昂,968
39,第39章 塑料及其...,249,突尼斯,7134816
39,第39章 塑料及其...,303,英国,253059040
39,第39章 塑料及其...,304,德国,1870688118
39,第39章 塑料及其...,324,马耳他,8742709
39,第39章 塑料及其...,344,俄罗斯,304556067
39,第39章 塑料及其...,351,克罗地亚,87108
39,第39章 塑料及其...,358,塞尔维亚,577993
39,第39章 塑料及其...,399,欧洲其他国家(地区),1241
39,第39章 塑料及其...,403,阿鲁巴,4221
39,第39章 塑料及其...,440,萨尔瓦多,7105
39,第39章 塑料及其...,502,美国,5619964188
39,第39章 塑料及其...,601,澳大利亚,29270469
39,第39章 塑料及其...,701,国家(地区)不明,1309454
40,第40章 橡胶及其...,110,中国香港,3188060
40,第40章 橡胶及其...,111,印度,47728287
40,第40章 橡胶及其...,112,印度尼西亚,189382863
40,第40章 橡胶及其...,113,伊朗,22280
40,第40章 橡胶及其...,116,日本,741465328
40,第40章 橡胶及其...,119,老挝,171560470
40,第40章 橡胶及其...,120,黎巴嫩,2743
40,第40章 橡胶及其...,122,马来西亚,936754676
40,第40章 橡胶及其...,132,新加坡,116307899
40,第40章 橡胶及其...,133,韩国,497139746
40,第40章 橡胶及其...,136,泰国,3184340364
40,第40章 橡胶及其...,139,也门,1908
40,第40章 橡胶及其...,141,越南,970244217
40,第40章 橡胶及其...,142,中国,59413499
40,第40章 橡胶及其...,143,中国台湾,193761578
40,第40章 橡胶及其...,149,乌兹别克斯坦,34045
40,第40章 橡胶及其...,150,格鲁吉亚(2023年起),748
40,第40章 橡胶及其...,223,科特迪瓦,298548328
40,第40章 橡胶及其...,231,毛里求斯,93
40,第40章 橡胶及其...,240,塞内加尔,474
40,第40章 橡胶及其...,242,塞拉利昂,208
40,第40章 橡胶及其...,243,索马里,17580
40,第40章 橡胶及其...,249,突尼斯,269060
40,第40章 橡胶及其...,303,英国,95232626
40,第40章 橡胶及其...,304,德国,382990039
40,第40章 橡胶及其...,324,马耳他,3099410
40,第40章 橡胶及其...,344,俄罗斯,672995981
40,第40章 橡胶及其...,351,克罗地亚,384955
40,第40章 橡胶及其...,358,塞尔维亚,3973133
40,第40章 橡胶及其...,428,马提尼克,344
40,第40章 橡胶及其...,440,萨尔瓦多,47
40,第40章 橡胶及其...,502,美国,428607218
40,第40章 橡胶及其...,601,澳大利亚,10384959
40,第40章 橡胶及其...,701,国家(地区)不明,203001
41,第41章 生皮（毛...,110,中国香港,287981
41,第41章 生皮（毛...,111,印度,48443942
41,第41章 生皮（毛...,112,印度尼西亚,9836982
41,第41章 生皮（毛...,116,日本,12638296
41,第41章 生皮（毛...,122,马来西亚,200939
41,第41章 生皮（毛...,125,尼泊尔,1046562
41,第41章 生皮（毛...,132,新加坡,2156862
41,第41章 生皮（毛...,133,韩国,48548608
41,第41章 生皮（毛...,136,泰国,113594111
41,第41章 生皮（毛...,141,越南,57747545
41,第41章 生皮（毛...,142,中国,12583029
41,第41章 生皮（毛...,143,中国台湾,25387421
41,第41章 生皮（毛...,145,哈萨克斯坦,1868199
41,第41章 生皮（毛...,149,乌兹别克斯坦,17948609
41,第41章 生皮（毛...,152,阿塞拜疆(2023年起),2182921
41,第41章 生皮（毛...,217,埃塞俄比亚,4437272
41,第41章 生皮（毛...,223,科特迪瓦,388239
41,第41章 生皮（毛...,230,毛里塔尼亚,385824
41,第41章 生皮（毛...,240,塞内加尔,867705
41,第41章 生皮（毛...,303,英国,39926736
41,第41章 生皮（毛...,304,德国,10052614
41,第41章 生皮（毛...,344,俄罗斯,3634100
41,第41章 生皮（毛...,351,克罗地亚,612356
41,第41章 生皮（毛...,502,美国,372554690
41,第41章 生皮（毛...,601,澳大利亚,215375556
42,第42章 皮革制品...,110,中国香港,1205015
42,第42章 皮革制品...,111,印度,41921653
42,第42章 皮革制品...,112,印度尼西亚,77988273
42,第42章 皮革制品...,116,日本,26719074
42,第42章 皮革制品...,119,老挝,809
42,第42章 皮革制品...,122,马来西亚,361164
42,第42章 皮革制品...,125,尼泊尔,166043
42,第42章 皮革制品...,132,新加坡,113697
42,第42章 皮革制品...,133,韩国,90548914
42,第42章 皮革制品...,136,泰国,33968743
42,第42章 皮革制品...,141,越南,166917333
42,第42章 皮革制品...,142,中国,121149294
42,第42章 皮革制品...,143,中国台湾,4736092
42,第42章 皮革制品...,149,乌兹别克斯坦,1566
42,第42章 皮革制品...,150,格鲁吉亚(2023年起),30356
42,第42章 皮革制品...,152,阿塞拜疆(2023年起),502
42,第42章 皮革制品...,217,埃塞俄比亚,21121
42,第42章 皮革制品...,231,毛里求斯,179763
42,第42章 皮革制品...,249,突尼斯,4608748
42,第42章 皮革制品...,303,英国,6549808
42,第42章 皮革制品...,304,德国,36888196
42,第42章 皮革制品...,344,俄罗斯,5650
42,第42章 皮革制品...,351,克罗地亚,24911
42,第42章 皮革制品...,358,塞尔维亚,13951
42,第42章 皮革制品...,502,美国,44610519
42,第42章 皮革制品...,601,澳大利亚,455716
42,第42章 皮革制品...,701,国家(地区)不明,7588
43,第43章 毛皮、人...,110,中国香港,15698
43,第43章 毛皮、人...,111,印度,6099
43,第43章 毛皮、人...,116,日本,58675
43,第43章 毛皮、人...,133,韩国,1592
43,第43章 毛皮、人...,136,泰国,57846713
43,第43章 毛皮、人...,141,越南,37047
43,第43章 毛皮、人...,142,中国,3001407
43,第43章 毛皮、人...,303,英国,1225
43,第43章 毛皮、人...,304,德国,97110
43,第43章 毛皮、人...,344,俄罗斯,2755449
43,第43章 毛皮、人...,502,美国,6079
43,第43章 毛皮、人...,601,澳大利亚,313
44,第44章 木及木制...,110,中国香港,9091
44,第44章 木及木制...,111,印度,14379453
44,第44章 木及木制...,112,印度尼西亚,301828874
44,第44章 木及木制...,113,伊朗,8864
44,第44章 木及木制...,116,日本,138695598
44,第44章 木及木制...,119,老挝,76205206
44,第44章 木及木制...,122,马来西亚,103082721
44,第44章 木及木制...,125,尼泊尔,534669
44,第44章 木及木制...,132,新加坡,30580
44,第44章 木及木制...,133,韩国,2823753
44,第44章 木及木制...,136,泰国,1074819349
44,第44章 木及木制...,141,越南,1247955276
44,第44章 木及木制...,142,中国,11072980
44,第44章 木及木制...,143,中国台湾,4940401
44,第44章 木及木制...,152,阿塞拜疆(2023年起),903
44,第44章 木及木制...,202,安哥拉,1670104
44,第44章 木及木制...,206,喀麦隆,126849983
44,第44章 木及木制...,218,加蓬,150781287
44,第44章 木及木制...,221,几内亚,1088870
44,第44章 木及木制...,223,科特迪瓦,79737
44,第44章 木及木制...,231,毛里求斯,24891
44,第44章 木及木制...,234,纳米比亚,40082
44,第44章 木及木制...,249,突尼斯,32800
44,第44章 木及木制...,303,英国,307976
44,第44章 木及木制...,304,德国,290769911
44,第44章 木及木制...,344,俄罗斯,2146823942
44,第44章 木及木制...,351,克罗地亚,36884558
44,第44章 木及木制...,358,塞尔维亚,30905269
44,第44章 木及木制...,424,圭亚那,299319
44,第44章 木及木制...,441,苏里南,66189386
44,第44章 木及木制...,502,美国,1051009021
44,第44章 木及木制...,601,澳大利亚,491533972
45,第45章 软木及软...,111,印度,812
45,第45章 软木及软...,116,日本,55435
45,第45章 软木及软...,122,马来西亚,1016
45,第45章 软木及软...,142,中国,10093
45,第45章 软木及软...,249,突尼斯,387684
45,第45章 软木及软...,303,英国,88003
45,第45章 软木及软...,304,德国,198743
45,第45章 软木及软...,502,美国,98367
46,第46章 稻草、秸...,110,中国香港,887
46,第46章 稻草、秸...,111,印度,266230
46,第46章 稻草、秸...,112,印度尼西亚,308390
46,第46章 稻草、秸...,116,日本,64209
46,第46章 稻草、秸...,132,新加坡,173
46,第46章 稻草、秸...,136,泰国,2131
46,第46章 稻草、秸...,141,越南,3817162
46,第46章 稻草、秸...,142,中国,420920
46,第46章 稻草、秸...,143,中国台湾,41898
46,第46章 稻草、秸...,304,德国,13425
46,第46章 稻草、秸...,502,美国,3367
47,第47章 木浆及其...,110,中国香港,60533386
47,第47章 木浆及其...,111,印度,7850498
47,第47章 木浆及其...,112,印度尼西亚,1952164602
47,第47章 木浆及其...,116,日本,144362770
47,第47章 木浆及其...,119,老挝,297694060
47,第47章 木浆及其...,122,马来西亚,244094337
47,第47章 木浆及其...,133,韩国,40469619
47,第47章 木浆及其...,136,泰国,608256829
47,第47章 木浆及其...,141,越南,7875189
47,第47章 木浆及其...,143,中国台湾,41990819
47,第47章 木浆及其...,304,德国,138759562
47,第47章 木浆及其...,344,俄罗斯,675843440
47,第47章 木浆及其...,502,美国,919376875
47,第47章 木浆及其...,601,澳大利亚,333251
48,第48章 纸及纸板...,110,中国香港,6595175
48,第48章 纸及纸板...,111,印度,33223517
48,第48章 纸及纸板...,112,印度尼西亚,274176631
48,第48章 纸及纸板...,113,伊朗,40435
48,第48章 纸及纸板...,116,日本,471456522
48,第48章 纸及纸板...,119,老挝,253089561
48,第48章 纸及纸板...,120,黎巴嫩,201
48,第48章 纸及纸板...,122,马来西亚,401321159
48,第48章 纸及纸板...,125,尼泊尔,185644
48,第48章 纸及纸板...,132,新加坡,6553755
48,第48章 纸及纸板...,133,韩国,261764678
48,第48章 纸及纸板...,136,泰国,64337425
48,第48章 纸及纸板...,141,越南,320900378
48,第48章 纸及纸板...,142,中国,39090163
48,第48章 纸及纸板...,143,中国台湾,340462019
48,第48章 纸及纸板...,145,哈萨克斯坦,2263
48,第48章 纸及纸板...,149,乌兹别克斯坦,994
48,第48章 纸及纸板...,202,安哥拉,65378
48,第48章 纸及纸板...,217,埃塞俄比亚,6591
48,第48章 纸及纸板...,231,毛里求斯,52
48,第48章 纸及纸板...,234,纳米比亚,8313
48,第48章 纸及纸板...,249,突尼斯,230647
48,第48章 纸及纸板...,303,英国,22628880
48,第48章 纸及纸板...,304,德国,123909224
48,第48章 纸及纸板...,324,马耳他,1362243
48,第48章 纸及纸板...,344,俄罗斯,483296746
48,第48章 纸及纸板...,351,克罗地亚,715
48,第48章 纸及纸板...,358,塞尔维亚,153294
48,第48章 纸及纸板...,440,萨尔瓦多,77728
48,第48章 纸及纸板...,502,美国,470404785
48,第48章 纸及纸板...,601,澳大利亚,86581105
48,第48章 纸及纸板...,701,国家(地区)不明,17161
49,第49章 书籍、报...,110,中国香港,39269508
49,第49章 书籍、报...,111,印度,1332631
49,第49章 书籍、报...,112,印度尼西亚,564688
49,第49章 书籍、报...,113,伊朗,7637
49,第49章 书籍、报...,116,日本,51135550
49,第49章 书籍、报...,122,马来西亚,31279204
49,第49章 书籍、报...,125,尼泊尔,1122
49,第49章 书籍、报...,132,新加坡,124401464
49,第49章 书籍、报...,133,韩国,29937725
49,第49章 书籍、报...,136,泰国,4492906
49,第49章 书籍、报...,141,越南,1105774
49,第49章 书籍、报...,142,中国,20081355
49,第49章 书籍、报...,143,中国台湾,77848624
49,第49章 书籍、报...,149,乌兹别克斯坦,107
49,第49章 书籍、报...,217,埃塞俄比亚,11680
49,第49章 书籍、报...,303,英国,73182864
49,第49章 书籍、报...,304,德国,62512874
49,第49章 书籍、报...,324,马耳他,11401177
49,第49章 书籍、报...,344,俄罗斯,1283265
49,第49章 书籍、报...,351,克罗地亚,123066
49,第49章 书籍、报...,502,美国,395498244
49,第49章 书籍、报...,601,澳大利亚,3575645
49,第49章 书籍、报...,701,国家(地区)不明,23418
50,第50章 蚕丝,111,印度,22689263
50,第50章 蚕丝,113,伊朗,850
50,第50章 蚕丝,116,日本,1366128
50,第50章 蚕丝,133,韩国,728525
50,第50章 蚕丝,141,越南,2124214
50,第50章 蚕丝,142,中国,2712574
50,第50章 蚕丝,143,中国台湾,3343
50,第50章 蚕丝,149,乌兹别克斯坦,4825388
50,第50章 蚕丝,303,英国,112855
50,第50章 蚕丝,304,德国,32148
50,第50章 蚕丝,502,美国,36507
51,第51章 羊毛、动...,110,中国香港,248240
51,第51章 羊毛、动...,111,印度,896183
51,第51章 羊毛、动...,113,伊朗,164215
51,第51章 羊毛、动...,116,日本,15113626
51,第51章 羊毛、动...,122,马来西亚,336980
51,第51章 羊毛、动...,133,韩国,5736392
51,第51章 羊毛、动...,136,泰国,2282061
51,第51章 羊毛、动...,141,越南,3747943
51,第51章 羊毛、动...,142,中国,69333999
51,第51章 羊毛、动...,143,中国台湾,63689
51,第51章 羊毛、动...,148,土库曼斯坦,228018
51,第51章 羊毛、动...,149,乌兹别克斯坦,340473
51,第51章 羊毛、动...,303,英国,21402781
51,第51章 羊毛、动...,304,德国,2669135
51,第51章 羊毛、动...,502,美国,10525303
51,第51章 羊毛、动...,601,澳大利亚,1016761533
52,第52章 棉花,110,中国香港,2637167
52,第52章 棉花,111,印度,1104201159
52,第52章 棉花,112,印度尼西亚,120906686
52,第52章 棉花,116,日本,46206747
52,第52章 棉花,122,马来西亚,131225390
52,第52章 棉花,125,尼泊尔,23605
52,第52章 棉花,133,韩国,16247398
52,第52章 棉花,136,泰国,28315719
52,第52章 棉花,141,越南,1364484584
52,第52章 棉花,142,中国,49608568
52,第52章 棉花,143,中国台湾,78418741
52,第52章 棉花,145,哈萨克斯坦,33961077
52,第52章 棉花,148,土库曼斯坦,772585
52,第52章 棉花,149,乌兹别克斯坦,474621936
52,第52章 棉花,206,喀麦隆,7766945
52,第52章 棉花,217,埃塞俄比亚,5549169
52,第52章 棉花,303,英国,730184
52,第52章 棉花,304,德国,2107894
52,第52章 棉花,502,美国,2275034653
52,第52章 棉花,601,澳大利亚,156642679
53,第53章 其他植物...,110,中国香港,4686
53,第53章 其他植物...,111,印度,43852934
53,第53章 其他植物...,112,印度尼西亚,1647204
53,第53章 其他植物...,116,日本,4756101
53,第53章 其他植物...,122,马来西亚,1451808
53,第53章 其他植物...,133,韩国,1279054
53,第53章 其他植物...,136,泰国,5385200
53,第53章 其他植物...,141,越南,17941232
53,第53章 其他植物...,142,中国,1163144
53,第53章 其他植物...,143,中国台湾,284538
53,第53章 其他植物...,217,埃塞俄比亚,8694072
53,第53章 其他植物...,303,英国,213844
53,第53章 其他植物...,304,德国,89438
53,第53章 其他植物...,344,俄罗斯,9866686
53,第53章 其他植物...,502,美国,5646
54,第54章 化学纤维...,110,中国香港,1463988
54,第54章 化学纤维...,111,印度,2572547
54,第54章 化学纤维...,112,印度尼西亚,10948443
54,第54章 化学纤维...,116,日本,373639885
54,第54章 化学纤维...,122,马来西亚,2335263
54,第54章 化学纤维...,132,新加坡,20537734
54,第54章 化学纤维...,133,韩国,161097249
54,第54章 化学纤维...,136,泰国,54401726
54,第54章 化学纤维...,141,越南,169711079
54,第54章 化学纤维...,142,中国,28026678
54,第54章 化学纤维...,143,中国台湾,230307662
54,第54章 化学纤维...,231,毛里求斯,8073
54,第54章 化学纤维...,303,英国,22199799
54,第54章 化学纤维...,304,德国,97363064
54,第54章 化学纤维...,344,俄罗斯,691
54,第54章 化学纤维...,351,克罗地亚,123196
54,第54章 化学纤维...,440,萨尔瓦多,66953
54,第54章 化学纤维...,502,美国,106717514
54,第54章 化学纤维...,601,澳大利亚,174620
55,第55章 化学纤维...,110,中国香港,210299
55,第55章 化学纤维...,111,印度,8991173
55,第55章 化学纤维...,112,印度尼西亚,83874909
55,第55章 化学纤维...,113,伊朗,5229
55,第55章 化学纤维...,116,日本,154717549
55,第55章 化学纤维...,119,老挝,4219
55,第55章 化学纤维...,122,马来西亚,3215228
55,第55章 化学纤维...,125,尼泊尔,602080
55,第55章 化学纤维...,132,新加坡,198277
55,第55章 化学纤维...,133,韩国,93055843
55,第55章 化学纤维...,136,泰国,72188830
55,第55章 化学纤维...,141,越南,53890445
55,第55章 化学纤维...,142,中国,24481129
55,第55章 化学纤维...,143,中国台湾,58550560
55,第55章 化学纤维...,303,英国,74329039
55,第55章 化学纤维...,304,德国,30652767
55,第55章 化学纤维...,344,俄罗斯,622707
55,第55章 化学纤维...,502,美国,48033140
55,第55章 化学纤维...,601,澳大利亚,198264
56,第56章 絮胎、毡...,110,中国香港,1134374
56,第56章 絮胎、毡...,111,印度,3108309
56,第56章 絮胎、毡...,112,印度尼西亚,3394023
56,第56章 絮胎、毡...,116,日本,232604760
56,第56章 絮胎、毡...,122,马来西亚,1473035
56,第56章 絮胎、毡...,125,尼泊尔,156
56,第56章 絮胎、毡...,132,新加坡,826805
56,第56章 絮胎、毡...,133,韩国,58092274
56,第56章 絮胎、毡...,136,泰国,12494169
56,第56章 絮胎、毡...,141,越南,26619062
56,第56章 絮胎、毡...,142,中国,17276315
56,第56章 絮胎、毡...,143,中国台湾,48569442
56,第56章 絮胎、毡...,242,塞拉利昂,10262
56,第56章 絮胎、毡...,303,英国,26833640
56,第56章 絮胎、毡...,304,德国,28629424
56,第56章 絮胎、毡...,344,俄罗斯,6456
56,第56章 絮胎、毡...,502,美国,108948389
56,第56章 絮胎、毡...,601,澳大利亚,8539030
56,第56章 絮胎、毡...,701,国家(地区)不明,218
57,第57章 地毯及纺...,110,中国香港,223
57,第57章 地毯及纺...,111,印度,12012560
57,第57章 地毯及纺...,112,印度尼西亚,2210
57,第57章 地毯及纺...,113,伊朗,2186662
57,第57章 地毯及纺...,116,日本,4313118
57,第57章 地毯及纺...,122,马来西亚,31735
57,第57章 地毯及纺...,125,尼泊尔,995888
57,第57章 地毯及纺...,133,韩国,1057693
57,第57章 地毯及纺...,136,泰国,1087612
57,第57章 地毯及纺...,141,越南,848525
57,第57章 地毯及纺...,142,中国,255800
57,第57章 地毯及纺...,143,中国台湾,947836
57,第57章 地毯及纺...,303,英国,234199
57,第57章 地毯及纺...,304,德国,1094546
57,第57章 地毯及纺...,344,俄罗斯,256
57,第57章 地毯及纺...,502,美国,4345702
57,第57章 地毯及纺...,601,澳大利亚,3163
58,第58章 特种机织...,110,中国香港,6580377
58,第58章 特种机织...,111,印度,1013104
58,第58章 特种机织...,112,印度尼西亚,48573
58,第58章 特种机织...,113,伊朗,4351
58,第58章 特种机织...,116,日本,40831967
58,第58章 特种机织...,122,马来西亚,27727
58,第58章 特种机织...,132,新加坡,10373
58,第58章 特种机织...,133,韩国,31128161
58,第58章 特种机织...,136,泰国,5887605
58,第58章 特种机织...,141,越南,3177141
58,第58章 特种机织...,142,中国,22250983
58,第58章 特种机织...,143,中国台湾,11672738
58,第58章 特种机织...,249,突尼斯,69611
58,第58章 特种机织...,303,英国,3004000
58,第58章 特种机织...,304,德国,9998208
58,第58章 特种机织...,344,俄罗斯,26
58,第58章 特种机织...,502,美国,9021315
58,第58章 特种机织...,601,澳大利亚,23400
59,第59章 浸渍、涂...,110,中国香港,41769
59,第59章 浸渍、涂...,111,印度,5601295
59,第59章 浸渍、涂...,112,印度尼西亚,3426324
59,第59章 浸渍、涂...,113,伊朗,309
59,第59章 浸渍、涂...,116,日本,117299885
59,第59章 浸渍、涂...,122,马来西亚,1234458
59,第59章 浸渍、涂...,132,新加坡,882742
59,第59章 浸渍、涂...,133,韩国,158808670
59,第59章 浸渍、涂...,136,泰国,16518505
59,第59章 浸渍、涂...,141,越南,31303392
59,第59章 浸渍、涂...,142,中国,68194802
59,第59章 浸渍、涂...,143,中国台湾,117260514
59,第59章 浸渍、涂...,303,英国,16324377
59,第59章 浸渍、涂...,304,德国,87955433
59,第59章 浸渍、涂...,358,塞尔维亚,17851
59,第59章 浸渍、涂...,502,美国,28757101
59,第59章 浸渍、涂...,601,澳大利亚,4181968
60,第60章 针织物及...,110,中国香港,2544700
60,第60章 针织物及...,111,印度,226630
60,第60章 针织物及...,112,印度尼西亚,4536917
60,第60章 针织物及...,116,日本,79957356
60,第60章 针织物及...,119,老挝,3482
60,第60章 针织物及...,122,马来西亚,53506
60,第60章 针织物及...,125,尼泊尔,9772
60,第60章 针织物及...,132,新加坡,31682
60,第60章 针织物及...,133,韩国,76106194
60,第60章 针织物及...,136,泰国,9230576
60,第60章 针织物及...,141,越南,41656139
60,第60章 针织物及...,142,中国,21225944
60,第60章 针织物及...,143,中国台湾,109545840
60,第60章 针织物及...,217,埃塞俄比亚,390735
60,第60章 针织物及...,303,英国,1310902
60,第60章 针织物及...,304,德国,11450076
60,第60章 针织物及...,344,俄罗斯,144
60,第60章 针织物及...,502,美国,4847049
60,第60章 针织物及...,601,澳大利亚,739561
60,第60章 针织物及...,701,国家(地区)不明,262
61,第61章 针织或钩...,110,中国香港,5924920
61,第61章 针织或钩...,111,印度,47099426
61,第61章 针织或钩...,112,印度尼西亚,67743443
61,第61章 针织或钩...,116,日本,52715710
61,第61章 针织或钩...,119,老挝,1277939
61,第61章 针织或钩...,120,黎巴嫩,15169
61,第61章 针织或钩...,122,马来西亚,1474617
61,第61章 针织或钩...,125,尼泊尔,282747
61,第61章 针织或钩...,132,新加坡,438590
61,第61章 针织或钩...,133,韩国,86579497
61,第61章 针织或钩...,136,泰国,78629726
61,第61章 针织或钩...,141,越南,345088391
61,第61章 针织或钩...,142,中国,92427531
61,第61章 针织或钩...,143,中国台湾,2966899
61,第61章 针织或钩...,148,土库曼斯坦,467
61,第61章 针织或钩...,150,格鲁吉亚(2023年起),304708
61,第61章 针织或钩...,217,埃塞俄比亚,79164
61,第61章 针织或钩...,231,毛里求斯,1561725
61,第61章 针织或钩...,249,突尼斯,11545464
61,第61章 针织或钩...,303,英国,20571534
61,第61章 针织或钩...,304,德国,3265746
61,第61章 针织或钩...,337,格鲁吉亚(2023年起停用),1304
61,第61章 针织或钩...,344,俄罗斯,59706
61,第61章 针织或钩...,351,克罗地亚,984814
61,第61章 针织或钩...,358,塞尔维亚,718008
61,第61章 针织或钩...,414,多米尼克,393
61,第61章 针织或钩...,424,圭亚那,7337
61,第61章 针织或钩...,425,海地,167312
61,第61章 针织或钩...,440,萨尔瓦多,3576414
61,第61章 针织或钩...,502,美国,22843420
61,第61章 针织或钩...,601,澳大利亚,156490
61,第61章 针织或钩...,701,国家(地区)不明,4932
62,第62章 非针织或...,110,中国香港,1033012
62,第62章 非针织或...,111,印度,56870140
62,第62章 非针织或...,112,印度尼西亚,73584088
62,第62章 非针织或...,116,日本,74921363
62,第62章 非针织或...,119,老挝,10919
62,第62章 非针织或...,120,黎巴嫩,54114
62,第62章 非针织或...,122,马来西亚,2111580
62,第62章 非针织或...,125,尼泊尔,1722406
62,第62章 非针织或...,132,新加坡,752930
62,第62章 非针织或...,133,韩国,119184575
62,第62章 非针织或...,135,叙利亚,3217
62,第62章 非针织或...,136,泰国,37437952
62,第62章 非针织或...,141,越南,399246808
62,第62章 非针织或...,142,中国,134671178
62,第62章 非针织或...,143,中国台湾,3596290
62,第62章 非针织或...,149,乌兹别克斯坦,2491
62,第62章 非针织或...,150,格鲁吉亚(2023年起),399470
62,第62章 非针织或...,151,亚美尼亚(2023年起),11331056
62,第62章 非针织或...,205,布隆迪,1386
62,第62章 非针织或...,217,埃塞俄比亚,7157
62,第62章 非针织或...,231,毛里求斯,983344
62,第62章 非针织或...,240,塞内加尔,4005
62,第62章 非针织或...,249,突尼斯,47697581
62,第62章 非针织或...,303,英国,44125030
62,第62章 非针织或...,304,德国,2478747
62,第62章 非针织或...,337,格鲁吉亚(2023年起停用),219
62,第62章 非针织或...,344,俄罗斯,101361
62,第62章 非针织或...,351,克罗地亚,361336
62,第62章 非针织或...,358,塞尔维亚,2183986
62,第62章 非针织或...,425,海地,32130
62,第62章 非针织或...,440,萨尔瓦多,408384
62,第62章 非针织或...,502,美国,16800655
62,第62章 非针织或...,601,澳大利亚,2742252
62,第62章 非针织或...,701,国家(地区)不明,14451
63,第63章 其他纺织...,110,中国香港,188031
63,第63章 其他纺织...,111,印度,7385529
63,第63章 其他纺织...,112,印度尼西亚,96497
63,第63章 其他纺织...,113,伊朗,710
63,第63章 其他纺织...,116,日本,12538789
63,第63章 其他纺织...,122,马来西亚,52338
63,第63章 其他纺织...,125,尼泊尔,4014264
63,第63章 其他纺织...,132,新加坡,3272017
63,第63章 其他纺织...,133,韩国,9165427
63,第63章 其他纺织...,136,泰国,3887763
63,第63章 其他纺织...,141,越南,28616660
63,第63章 其他纺织...,142,中国,12611117
63,第63章 其他纺织...,143,中国台湾,17718676
63,第63章 其他纺织...,249,突尼斯,1163144
63,第63章 其他纺织...,303,英国,13615500
63,第63章 其他纺织...,304,德国,6171587
63,第63章 其他纺织...,344,俄罗斯,2763
63,第63章 其他纺织...,358,塞尔维亚,7875
63,第63章 其他纺织...,502,美国,19318606
63,第63章 其他纺织...,601,澳大利亚,160213
63,第63章 其他纺织...,701,国家(地区)不明,1107
64,第64章 鞋靴、护...,110,中国香港,1185852
64,第64章 鞋靴、护...,111,印度,81932413
64,第64章 鞋靴、护...,112,印度尼西亚,488115141
64,第64章 鞋靴、护...,116,日本,20699848
64,第64章 鞋靴、护...,119,老挝,2520371
64,第64章 鞋靴、护...,122,马来西亚,72021
64,第64章 鞋靴、护...,125,尼泊尔,2804
64,第64章 鞋靴、护...,132,新加坡,317148
64,第64章 鞋靴、护...,133,韩国,17304262
64,第64章 鞋靴、护...,136,泰国,26825771
64,第64章 鞋靴、护...,141,越南,1605021978
64,第64章 鞋靴、护...,142,中国,142892421
64,第64章 鞋靴、护...,143,中国台湾,15170532
64,第64章 鞋靴、护...,150,格鲁吉亚(2023年起),1314
64,第64章 鞋靴、护...,217,埃塞俄比亚,3152
64,第64章 鞋靴、护...,249,突尼斯,142735
64,第64章 鞋靴、护...,303,英国,6404756
64,第64章 鞋靴、护...,304,德国,33784521
64,第64章 鞋靴、护...,344,俄罗斯,18774
64,第64章 鞋靴、护...,351,克罗地亚,181349
64,第64章 鞋靴、护...,358,塞尔维亚,347890
64,第64章 鞋靴、护...,414,多米尼克,730
64,第64章 鞋靴、护...,440,萨尔瓦多,11275
64,第64章 鞋靴、护...,502,美国,101568629
64,第64章 鞋靴、护...,601,澳大利亚,101553
64,第64章 鞋靴、护...,701,国家(地区)不明,10813
65,第65章 帽类及其...,102,巴林,77993
65,第65章 帽类及其...,110,中国香港,68126
65,第65章 帽类及其...,111,印度,315188
65,第65章 帽类及其...,112,印度尼西亚,1064116
65,第65章 帽类及其...,116,日本,24408589
65,第65章 帽类及其...,119,老挝,120750
65,第65章 帽类及其...,122,马来西亚,17134
65,第65章 帽类及其...,125,尼泊尔,41443
65,第65章 帽类及其...,132,新加坡,74067
65,第65章 帽类及其...,133,韩国,3629173
65,第65章 帽类及其...,136,泰国,6507660
65,第65章 帽类及其...,141,越南,27436006
65,第65章 帽类及其...,142,中国,12241648
65,第65章 帽类及其...,143,中国台湾,899624
65,第65章 帽类及其...,150,格鲁吉亚(2023年起),320
65,第65章 帽类及其...,249,突尼斯,81060
65,第65章 帽类及其...,303,英国,487519
65,第65章 帽类及其...,304,德国,3930591
65,第65章 帽类及其...,344,俄罗斯,84
65,第65章 帽类及其...,351,克罗地亚,9894
65,第65章 帽类及其...,425,海地,179
65,第65章 帽类及其...,440,萨尔瓦多,782
65,第65章 帽类及其...,502,美国,1788026
65,第65章 帽类及其...,601,澳大利亚,18172
66,第66章 雨伞、阳...,110,中国香港,3607
66,第66章 雨伞、阳...,111,印度,584
66,第66章 雨伞、阳...,116,日本,41725
66,第66章 雨伞、阳...,125,尼泊尔,9
66,第66章 雨伞、阳...,133,韩国,115971
66,第66章 雨伞、阳...,136,泰国,11792
66,第66章 雨伞、阳...,141,越南,3320
66,第66章 雨伞、阳...,142,中国,1048575
66,第66章 雨伞、阳...,143,中国台湾,1963666
66,第66章 雨伞、阳...,303,英国,35976
66,第66章 雨伞、阳...,304,德国,115837
66,第66章 雨伞、阳...,502,美国,22349
67,第67章 已加工羽...,111,印度,362323857
67,第67章 已加工羽...,112,印度尼西亚,8775215
67,第67章 已加工羽...,116,日本,809788
67,第67章 已加工羽...,119,老挝,32678
67,第67章 已加工羽...,122,马来西亚,640694
67,第67章 已加工羽...,133,韩国,4165327
67,第67章 已加工羽...,136,泰国,5292
67,第67章 已加工羽...,141,越南,49849
67,第67章 已加工羽...,142,中国,1720971
67,第67章 已加工羽...,143,中国台湾,1140
67,第67章 已加工羽...,303,英国,125591
67,第67章 已加工羽...,304,德国,275779
67,第67章 已加工羽...,344,俄罗斯,10683
67,第67章 已加工羽...,502,美国,1313286
67,第67章 已加工羽...,601,澳大利亚,32384
68,第68章 石料、石...,110,中国香港,73314
68,第68章 石料、石...,111,印度,6802904
68,第68章 石料、石...,112,印度尼西亚,2255866
68,第68章 石料、石...,113,伊朗,39643
68,第68章 石料、石...,116,日本,369754917
68,第68章 石料、石...,122,马来西亚,5400437
68,第68章 石料、石...,125,尼泊尔,7489
68,第68章 石料、石...,132,新加坡,9978837
68,第68章 石料、石...,133,韩国,128987518
68,第68章 石料、石...,136,泰国,7967615
68,第68章 石料、石...,141,越南,4955454
68,第68章 石料、石...,142,中国,9452166
68,第68章 石料、石...,143,中国台湾,63395177
68,第68章 石料、石...,145,哈萨克斯坦,100
68,第68章 石料、石...,149,乌兹别克斯坦,4692
68,第68章 石料、石...,234,纳米比亚,33942
68,第68章 石料、石...,303,英国,25112640
68,第68章 石料、石...,304,德国,97158957
68,第68章 石料、石...,344,俄罗斯,428495
68,第68章 石料、石...,351,克罗地亚,4830
68,第68章 石料、石...,358,塞尔维亚,1229
68,第68章 石料、石...,502,美国,156737861
68,第68章 石料、石...,601,澳大利亚,626923
68,第68章 石料、石...,701,国家(地区)不明,5203
69,第69章 陶瓷产品,110,中国香港,81827
69,第69章 陶瓷产品,111,印度,3346922
69,第69章 陶瓷产品,112,印度尼西亚,11264981
69,第69章 陶瓷产品,113,伊朗,45229
69,第69章 陶瓷产品,116,日本,198300379
69,第69章 陶瓷产品,122,马来西亚,23851976
69,第69章 陶瓷产品,132,新加坡,3444494
69,第69章 陶瓷产品,133,韩国,85710853
69,第69章 陶瓷产品,135,叙利亚,318
69,第69章 陶瓷产品,136,泰国,49197078
69,第69章 陶瓷产品,141,越南,11543622
69,第69章 陶瓷产品,142,中国,10906132
69,第69章 陶瓷产品,143,中国台湾,18521177
69,第69章 陶瓷产品,150,格鲁吉亚(2023年起),2632
69,第69章 陶瓷产品,242,塞拉利昂,4545
69,第69章 陶瓷产品,249,突尼斯,1941
69,第69章 陶瓷产品,303,英国,11030823
69,第69章 陶瓷产品,304,德国,82392163
69,第69章 陶瓷产品,344,俄罗斯,1250018
69,第69章 陶瓷产品,351,克罗地亚,26007
69,第69章 陶瓷产品,502,美国,83128583
69,第69章 陶瓷产品,601,澳大利亚,195007
69,第69章 陶瓷产品,701,国家(地区)不明,6028
70,第70章 玻璃及其...,102,巴林,1863
70,第70章 玻璃及其...,110,中国香港,16402501
70,第70章 玻璃及其...,111,印度,13981162
70,第70章 玻璃及其...,112,印度尼西亚,5670970
70,第70章 玻璃及其...,113,伊朗,1659
70,第70章 玻璃及其...,116,日本,654285924
70,第70章 玻璃及其...,120,黎巴嫩,1204
70,第70章 玻璃及其...,122,马来西亚,58839353
70,第70章 玻璃及其...,125,尼泊尔,1556
70,第70章 玻璃及其...,132,新加坡,4597828
70,第70章 玻璃及其...,133,韩国,1332694864
70,第70章 玻璃及其...,136,泰国,43166181
70,第70章 玻璃及其...,141,越南,2803195
70,第70章 玻璃及其...,142,中国,69402264
70,第70章 玻璃及其...,143,中国台湾,679378561
70,第70章 玻璃及其...,149,乌兹别克斯坦,2466
70,第70章 玻璃及其...,217,埃塞俄比亚,22502
70,第70章 玻璃及其...,242,塞拉利昂,1408
70,第70章 玻璃及其...,303,英国,14876440
70,第70章 玻璃及其...,304,德国,217750134
70,第70章 玻璃及其...,324,马耳他,394
70,第70章 玻璃及其...,344,俄罗斯,1147811
70,第70章 玻璃及其...,351,克罗地亚,409923
70,第70章 玻璃及其...,358,塞尔维亚,1728273
70,第70章 玻璃及其...,502,美国,699081504
70,第70章 玻璃及其...,601,澳大利亚,3834836
70,第70章 玻璃及其...,701,国家(地区)不明,120
71,第71章 天然或养...,110,中国香港,8302600299
71,第71章 天然或养...,111,印度,641686023
71,第71章 天然或养...,112,印度尼西亚,5864949
71,第71章 天然或养...,113,伊朗,3560
71,第71章 天然或养...,116,日本,1486706424
71,第71章 天然或养...,119,老挝,26262694
71,第71章 天然或养...,122,马来西亚,20451936
71,第71章 天然或养...,125,尼泊尔,288914
71,第71章 天然或养...,126,阿曼,1519
71,第71章 天然或养...,132,新加坡,1012497311
71,第71章 天然或养...,133,韩国,101170663
71,第71章 天然或养...,136,泰国,171948466
71,第71章 天然或养...,139,也门,731609
71,第71章 天然或养...,141,越南,6855947
71,第71章 天然或养...,142,中国,2261873388
71,第71章 天然或养...,143,中国台湾,367618556
71,第71章 天然或养...,145,哈萨克斯坦,287632325
71,第71章 天然或养...,149,乌兹别克斯坦,193420332
71,第71章 天然或养...,150,格鲁吉亚(2023年起),5402
71,第71章 天然或养...,151,亚美尼亚(2023年起),725605
71,第71章 天然或养...,217,埃塞俄比亚,50477
71,第71章 天然或养...,231,毛里求斯,6074
71,第71章 天然或养...,234,纳米比亚,304068
71,第71章 天然或养...,243,索马里,255708
71,第71章 天然或养...,249,突尼斯,1149
71,第71章 天然或养...,260,南苏丹,4576
71,第71章 天然或养...,303,英国,42377603
71,第71章 天然或养...,304,德国,1728977597
71,第71章 天然或养...,344,俄罗斯,786883033
71,第71章 天然或养...,351,克罗地亚,848
71,第71章 天然或养...,358,塞尔维亚,430
71,第71章 天然或养...,424,圭亚那,43371023
71,第71章 天然或养...,502,美国,613553500
71,第71章 天然或养...,601,澳大利亚,10311228744
71,第71章 天然或养...,701,国家(地区)不明,1067872214
72,第72章 钢铁,102,巴林,130819
72,第72章 钢铁,110,中国香港,1288297
72,第72章 钢铁,111,印度,129349180
72,第72章 钢铁,112,印度尼西亚,7840421594
72,第72章 钢铁,113,伊朗,1547559
72,第72章 钢铁,116,日本,2330427624
72,第72章 钢铁,122,马来西亚,78878309
72,第72章 钢铁,126,阿曼,9111647
72,第72章 钢铁,132,新加坡,342164
72,第72章 钢铁,133,韩国,1330214727
72,第72章 钢铁,136,泰国,96729230
72,第72章 钢铁,141,越南,15594062
72,第72章 钢铁,142,中国,94695313
72,第72章 钢铁,143,中国台湾,341295637
72,第72章 钢铁,145,哈萨克斯坦,1245610731
72,第72章 钢铁,303,英国,36281765
72,第72章 钢铁,304,德国,368120931
72,第72章 钢铁,344,俄罗斯,552847891
72,第72章 钢铁,358,塞尔维亚,896060
72,第72章 钢铁,502,美国,250066786
72,第72章 钢铁,601,澳大利亚,2355685
72,第72章 钢铁,607,新喀里多尼亚,216419037
72,第72章 钢铁,701,国家(地区)不明,1603
73,第73章 钢铁制品,110,中国香港,1252797
73,第73章 钢铁制品,111,印度,59711470
73,第73章 钢铁制品,112,印度尼西亚,18129839
73,第73章 钢铁制品,113,伊朗,8188
73,第73章 钢铁制品,116,日本,1174556166
73,第73章 钢铁制品,122,马来西亚,41231505
73,第73章 钢铁制品,132,新加坡,25808123
73,第73章 钢铁制品,133,韩国,569509583
73,第73章 钢铁制品,135,叙利亚,114
73,第73章 钢铁制品,136,泰国,65050870
73,第73章 钢铁制品,141,越南,35918525
73,第73章 钢铁制品,142,中国,233403809
73,第73章 钢铁制品,143,中国台湾,259991128
73,第73章 钢铁制品,149,乌兹别克斯坦,60
73,第73章 钢铁制品,150,格鲁吉亚(2023年起),4723
73,第73章 钢铁制品,202,安哥拉,6491236
73,第73章 钢铁制品,217,埃塞俄比亚,620
73,第73章 钢铁制品,225,利比里亚,34094
73,第73章 钢铁制品,231,毛里求斯,249
73,第73章 钢铁制品,242,塞拉利昂,1918
73,第73章 钢铁制品,243,索马里,17497
73,第73章 钢铁制品,249,突尼斯,975305
73,第73章 钢铁制品,303,英国,130641142
73,第73章 钢铁制品,304,德国,832880485
73,第73章 钢铁制品,324,马耳他,717606
73,第73章 钢铁制品,344,俄罗斯,220438730
73,第73章 钢铁制品,351,克罗地亚,2014782
73,第73章 钢铁制品,358,塞尔维亚,403390
73,第73章 钢铁制品,399,欧洲其他国家(地区),3952
73,第73章 钢铁制品,403,阿鲁巴,977
73,第73章 钢铁制品,440,萨尔瓦多,4461
73,第73章 钢铁制品,502,美国,595096705
73,第73章 钢铁制品,601,澳大利亚,11783080
73,第73章 钢铁制品,701,国家(地区)不明,10064417
74,第74章 铜及其制...,102,巴林,3107296
74,第74章 铜及其制...,110,中国香港,50349822
74,第74章 铜及其制...,111,印度,236565216
74,第74章 铜及其制...,112,印度尼西亚,621945176
74,第74章 铜及其制...,113,伊朗,137703708
74,第74章 铜及其制...,116,日本,3932886566
74,第74章 铜及其制...,119,老挝,52701631
74,第74章 铜及其制...,120,黎巴嫩,12906255
74,第74章 铜及其制...,122,马来西亚,1405504913
74,第74章 铜及其制...,126,阿曼,1209836
74,第74章 铜及其制...,132,新加坡,91969536
74,第74章 铜及其制...,133,韩国,1378193120
74,第74章 铜及其制...,136,泰国,1222869863
74,第74章 铜及其制...,139,也门,15389313
74,第74章 铜及其制...,141,越南,58969493
74,第74章 铜及其制...,142,中国,46268881
74,第74章 铜及其制...,143,中国台湾,1403393860
74,第74章 铜及其制...,145,哈萨克斯坦,1357356466
74,第74章 铜及其制...,148,土库曼斯坦,2416
74,第74章 铜及其制...,149,乌兹别克斯坦,317735093
74,第74章 铜及其制...,150,格鲁吉亚(2023年起),6767982
74,第74章 铜及其制...,152,阿塞拜疆(2023年起),883045
74,第74章 铜及其制...,202,安哥拉,20813647
74,第74章 铜及其制...,204,博茨瓦纳,1404209
74,第74章 铜及其制...,212,科摩罗,829972
74,第74章 铜及其制...,217,埃塞俄比亚,1033488
74,第74章 铜及其制...,218,加蓬,2866038
74,第74章 铜及其制...,221,几内亚,2491022
74,第74章 铜及其制...,223,科特迪瓦,13247865
74,第74章 铜及其制...,231,毛里求斯,6180721
74,第74章 铜及其制...,234,纳米比亚,4084882
74,第74章 铜及其制...,240,塞内加尔,6441373
74,第74章 铜及其制...,249,突尼斯,22140434
74,第74章 铜及其制...,303,英国,493327031
74,第74章 铜及其制...,304,德国,394349389
74,第74章 铜及其制...,324,马耳他,47309
74,第74章 铜及其制...,344,俄罗斯,2098980679
74,第74章 铜及其制...,351,克罗地亚,167574
74,第74章 铜及其制...,358,塞尔维亚,69458684
74,第74章 铜及其制...,424,圭亚那,1466411
74,第74章 铜及其制...,425,海地,5160278
74,第74章 铜及其制...,440,萨尔瓦多,5491282
74,第74章 铜及其制...,441,苏里南,964336
74,第74章 铜及其制...,502,美国,2700115874
74,第74章 铜及其制...,601,澳大利亚,1131297100
74,第74章 铜及其制...,701,国家(地区)不明,14842
75,第75章 镍及其制...,110,中国香港,3771
75,第75章 镍及其制...,111,印度,1392572
75,第75章 镍及其制...,112,印度尼西亚,3098379988
75,第75章 镍及其制...,116,日本,267842446
75,第75章 镍及其制...,122,马来西亚,676259
75,第75章 镍及其制...,132,新加坡,470502
75,第75章 镍及其制...,133,韩国,33134856
75,第75章 镍及其制...,136,泰国,4209524
75,第75章 镍及其制...,141,越南,1464375
75,第75章 镍及其制...,142,中国,6037959
75,第75章 镍及其制...,143,中国台湾,10782693
75,第75章 镍及其制...,303,英国,54615459
75,第75章 镍及其制...,304,德国,79995192
75,第75章 镍及其制...,344,俄罗斯,327520503
75,第75章 镍及其制...,502,美国,291501531
75,第75章 镍及其制...,601,澳大利亚,97270859
75,第75章 镍及其制...,607,新喀里多尼亚,307266378
75,第75章 镍及其制...,701,国家(地区)不明,16011
76,第76章 铝及其制...,102,巴林,1567231
76,第76章 铝及其制...,110,中国香港,23083648
76,第76章 铝及其制...,111,印度,436286699
76,第76章 铝及其制...,112,印度尼西亚,302815707
76,第76章 铝及其制...,113,伊朗,237531489
76,第76章 铝及其制...,116,日本,746857659
76,第76章 铝及其制...,119,老挝,1515498
76,第76章 铝及其制...,120,黎巴嫩,295316
76,第76章 铝及其制...,122,马来西亚,1651322513
76,第76章 铝及其制...,125,尼泊尔,20700
76,第76章 铝及其制...,126,阿曼,124093410
76,第76章 铝及其制...,132,新加坡,6280439
76,第76章 铝及其制...,133,韩国,670496932
76,第76章 铝及其制...,136,泰国,570795370
76,第76章 铝及其制...,139,也门,351692
76,第76章 铝及其制...,141,越南,193207913
76,第76章 铝及其制...,142,中国,176223974
76,第76章 铝及其制...,143,中国台湾,185776006
76,第76章 铝及其制...,145,哈萨克斯坦,93791666
76,第76章 铝及其制...,150,格鲁吉亚(2023年起),1195423
76,第76章 铝及其制...,151,亚美尼亚(2023年起),1776
76,第76章 铝及其制...,202,安哥拉,3641765
76,第76章 铝及其制...,206,喀麦隆,4280200
76,第76章 铝及其制...,221,几内亚,1121879
76,第76章 铝及其制...,240,塞内加尔,2261858
76,第76章 铝及其制...,249,突尼斯,286256
76,第76章 铝及其制...,303,英国,330108642
76,第76章 铝及其制...,304,德国,176113636
76,第76章 铝及其制...,324,马耳他,17139
76,第76章 铝及其制...,344,俄罗斯,2198328402
76,第76章 铝及其制...,351,克罗地亚,3451224
76,第76章 铝及其制...,358,塞尔维亚,18612
76,第76章 铝及其制...,424,圭亚那,363625
76,第76章 铝及其制...,425,海地,1374285
76,第76章 铝及其制...,440,萨尔瓦多,9
76,第76章 铝及其制...,502,美国,378551249
76,第76章 铝及其制...,601,澳大利亚,201583654
76,第76章 铝及其制...,701,国家(地区)不明,85934
78,第78章 铅及其制...,112,印度尼西亚,6512489
78,第78章 铅及其制...,116,日本,968770
78,第78章 铅及其制...,119,老挝,9097128
78,第78章 铅及其制...,122,马来西亚,429965
78,第78章 铅及其制...,132,新加坡,28033
78,第78章 铅及其制...,133,韩国,11599
78,第78章 铅及其制...,136,泰国,588558
78,第78章 铅及其制...,141,越南,14255868
78,第78章 铅及其制...,142,中国,2145
78,第78章 铅及其制...,143,中国台湾,66612
78,第78章 铅及其制...,145,哈萨克斯坦,806041
78,第78章 铅及其制...,303,英国,83131
78,第78章 铅及其制...,304,德国,4256521
78,第78章 铅及其制...,344,俄罗斯,2086253
78,第78章 铅及其制...,502,美国,546168
79,第79章 锌及其制...,110,中国香港,2662802
79,第79章 锌及其制...,111,印度,42737833
79,第79章 锌及其制...,113,伊朗,58390891
79,第79章 锌及其制...,116,日本,66688623
79,第79章 锌及其制...,122,马来西亚,2686431
79,第79章 锌及其制...,132,新加坡,32169
79,第79章 锌及其制...,133,韩国,88534791
79,第79章 锌及其制...,136,泰国,14139856
79,第79章 锌及其制...,141,越南,1325025
79,第79章 锌及其制...,142,中国,1993061
79,第79章 锌及其制...,143,中国台湾,4262386
79,第79章 锌及其制...,145,哈萨克斯坦,299099113
79,第79章 锌及其制...,150,格鲁吉亚(2023年起),381005
79,第79章 锌及其制...,303,英国,213204
79,第79章 锌及其制...,304,德国,6211473
79,第79章 锌及其制...,502,美国,6055101
79,第79章 锌及其制...,601,澳大利亚,311932273
80,第80章 锡及其制...,110,中国香港,41482
80,第80章 锡及其制...,111,印度,68033
80,第80章 锡及其制...,112,印度尼西亚,3467867
80,第80章 锡及其制...,116,日本,19527445
80,第80章 锡及其制...,122,马来西亚,32528045
80,第80章 锡及其制...,132,新加坡,128486
80,第80章 锡及其制...,133,韩国,12178366
80,第80章 锡及其制...,136,泰国,44589199
80,第80章 锡及其制...,142,中国,3450309
80,第80章 锡及其制...,143,中国台湾,8861046
80,第80章 锡及其制...,303,英国,303239
80,第80章 锡及其制...,304,德国,3335307
80,第80章 锡及其制...,502,美国,1574660
80,第80章 锡及其制...,601,澳大利亚,19101
81,第81章 其他贱金...,110,中国香港,95774
81,第81章 其他贱金...,111,印度,8553234
81,第81章 其他贱金...,112,印度尼西亚,58888199
81,第81章 其他贱金...,116,日本,124124604
81,第81章 其他贱金...,122,马来西亚,5491562
81,第81章 其他贱金...,132,新加坡,82973253
81,第81章 其他贱金...,133,韩国,40914613
81,第81章 其他贱金...,136,泰国,1422667
81,第81章 其他贱金...,141,越南,607449
81,第81章 其他贱金...,142,中国,16598833
81,第81章 其他贱金...,143,中国台湾,14950829
81,第81章 其他贱金...,145,哈萨克斯坦,12635571
81,第81章 其他贱金...,249,突尼斯,304526
81,第81章 其他贱金...,303,英国,21858255
81,第81章 其他贱金...,304,德国,95963121
81,第81章 其他贱金...,344,俄罗斯,78846922
81,第81章 其他贱金...,502,美国,211941563
81,第81章 其他贱金...,601,澳大利亚,7138
81,第81章 其他贱金...,701,国家(地区)不明,366
82,第82章 贱金属工...,110,中国香港,254186
82,第82章 贱金属工...,111,印度,25592392
82,第82章 贱金属工...,112,印度尼西亚,3087154
82,第82章 贱金属工...,116,日本,402774898
82,第82章 贱金属工...,122,马来西亚,3681953
82,第82章 贱金属工...,132,新加坡,2700960
82,第82章 贱金属工...,133,韩国,98764534
82,第82章 贱金属工...,136,泰国,43139573
82,第82章 贱金属工...,141,越南,49734455
82,第82章 贱金属工...,142,中国,31599827
82,第82章 贱金属工...,143,中国台湾,143757987
82,第82章 贱金属工...,303,英国,15839270
82,第82章 贱金属工...,304,德国,315642167
82,第82章 贱金属工...,344,俄罗斯,19210
82,第82章 贱金属工...,351,克罗地亚,8290
82,第82章 贱金属工...,358,塞尔维亚,387232
82,第82章 贱金属工...,440,萨尔瓦多,271
82,第82章 贱金属工...,502,美国,123490884
82,第82章 贱金属工...,601,澳大利亚,853022
82,第82章 贱金属工...,701,国家(地区)不明,5149
83,第83章 贱金属杂...,110,中国香港,1039357
83,第83章 贱金属杂...,111,印度,5475917
83,第83章 贱金属杂...,112,印度尼西亚,2290949
83,第83章 贱金属杂...,113,伊朗,4638
83,第83章 贱金属杂...,116,日本,111581613
83,第83章 贱金属杂...,122,马来西亚,10289063
83,第83章 贱金属杂...,125,尼泊尔,3698224
83,第83章 贱金属杂...,132,新加坡,3218882
83,第83章 贱金属杂...,133,韩国,48660251
83,第83章 贱金属杂...,136,泰国,6777686
83,第83章 贱金属杂...,141,越南,15701802
83,第83章 贱金属杂...,142,中国,41655849
83,第83章 贱金属杂...,143,中国台湾,85041317
83,第83章 贱金属杂...,249,突尼斯,152222
83,第83章 贱金属杂...,260,南苏丹,1344
83,第83章 贱金属杂...,303,英国,23769895
83,第83章 贱金属杂...,304,德国,154402619
83,第83章 贱金属杂...,324,马耳他,64986
83,第83章 贱金属杂...,344,俄罗斯,8207
83,第83章 贱金属杂...,351,克罗地亚,5934
83,第83章 贱金属杂...,358,塞尔维亚,394252
83,第83章 贱金属杂...,502,美国,88726334
83,第83章 贱金属杂...,601,澳大利亚,1209986
83,第83章 贱金属杂...,701,国家(地区)不明,58467
84,第84章 核反应堆...,102,巴林,160886
84,第84章 核反应堆...,110,中国香港,87403046
84,第84章 核反应堆...,111,印度,673743686
84,第84章 核反应堆...,112,印度尼西亚,223203174
84,第84章 核反应堆...,113,伊朗,189390
84,第84章 核反应堆...,116,日本,24135562207
84,第84章 核反应堆...,119,老挝,78163
84,第84章 核反应堆...,120,黎巴嫩,124223
84,第84章 核反应堆...,122,马来西亚,4738984273
84,第84章 核反应堆...,126,阿曼,14290
84,第84章 核反应堆...,132,新加坡,5151267133
84,第84章 核反应堆...,133,韩国,10808403222
84,第84章 核反应堆...,135,叙利亚,11827
84,第84章 核反应堆...,136,泰国,3866941726
84,第84章 核反应堆...,141,越南,9035449343
84,第84章 核反应堆...,142,中国,9415280365
84,第84章 核反应堆...,143,中国台湾,11039729608
84,第84章 核反应堆...,149,乌兹别克斯坦,19178
84,第84章 核反应堆...,150,格鲁吉亚(2023年起),7846
84,第84章 核反应堆...,202,安哥拉,13432
84,第84章 核反应堆...,217,埃塞俄比亚,2479
84,第84章 核反应堆...,221,几内亚,17799
84,第84章 核反应堆...,225,利比里亚,71591
84,第84章 核反应堆...,231,毛里求斯,1925
84,第84章 核反应堆...,234,纳米比亚,83992
84,第84章 核反应堆...,242,塞拉利昂,982
84,第84章 核反应堆...,243,索马里,120
84,第84章 核反应堆...,249,突尼斯,9686383
84,第84章 核反应堆...,303,英国,1261746128
84,第84章 核反应堆...,304,德国,13012783731
84,第84章 核反应堆...,324,马耳他,4349963
84,第84章 核反应堆...,344,俄罗斯,322731722
84,第84章 核反应堆...,351,克罗地亚,12762974
84,第84章 核反应堆...,358,塞尔维亚,16932967
84,第84章 核反应堆...,399,欧洲其他国家(地区),17396
84,第84章 核反应堆...,401,安提瓜和巴布达,35515
84,第84章 核反应堆...,440,萨尔瓦多,36185
84,第84章 核反应堆...,502,美国,11457522086
84,第84章 核反应堆...,601,澳大利亚,81939662
84,第84章 核反应堆...,701,国家(地区)不明,1363955
85,第85章 电机、电...,102,巴林,36254
85,第85章 电机、电...,104,不丹,582
85,第85章 电机、电...,110,中国香港,193320396
85,第85章 电机、电...,111,印度,769588064
85,第85章 电机、电...,112,印度尼西亚,772048411
85,第85章 电机、电...,113,伊朗,135213
85,第85章 电机、电...,116,日本,24444227028
85,第85章 电机、电...,119,老挝,8928311
85,第85章 电机、电...,120,黎巴嫩,309336
85,第85章 电机、电...,122,马来西亚,17570444880
85,第85章 电机、电...,125,尼泊尔,37
85,第85章 电机、电...,126,阿曼,8306
85,第85章 电机、电...,132,新加坡,5029144037
85,第85章 电机、电...,133,韩国,62385768874
85,第85章 电机、电...,136,泰国,5873020729
85,第85章 电机、电...,141,越南,34394453958
85,第85章 电机、电...,142,中国,54794937019
85,第85章 电机、电...,143,中国台湾,82732570645
85,第85章 电机、电...,145,哈萨克斯坦,30295
85,第85章 电机、电...,149,乌兹别克斯坦,16287
85,第85章 电机、电...,150,格鲁吉亚(2023年起),244623
85,第85章 电机、电...,151,亚美尼亚(2023年起),31201
85,第85章 电机、电...,206,喀麦隆,15973
85,第85章 电机、电...,217,埃塞俄比亚,162
85,第85章 电机、电...,223,科特迪瓦,312
85,第85章 电机、电...,225,利比里亚,44749
85,第85章 电机、电...,230,毛里塔尼亚,2605
85,第85章 电机、电...,231,毛里求斯,7
85,第85章 电机、电...,234,纳米比亚,19583
85,第85章 电机、电...,240,塞内加尔,25316
85,第85章 电机、电...,242,塞拉利昂,23818
85,第85章 电机、电...,249,突尼斯,49756122
85,第85章 电机、电...,303,英国,580496865
85,第85章 电机、电...,304,德国,7260232779
85,第85章 电机、电...,324,马耳他,207943891
85,第85章 电机、电...,344,俄罗斯,144046206
85,第85章 电机、电...,351,克罗地亚,21261830
85,第85章 电机、电...,358,塞尔维亚,63236406
85,第85章 电机、电...,403,阿鲁巴,518
85,第85章 电机、电...,414,多米尼克,28991
85,第85章 电机、电...,417,库拉索,460504
85,第85章 电机、电...,425,海地,7377
85,第85章 电机、电...,437,圣卢西亚,12392
85,第85章 电机、电...,440,萨尔瓦多,82653564
85,第85章 电机、电...,502,美国,9447196569
85,第85章 电机、电...,601,澳大利亚,88691362
85,第85章 电机、电...,701,国家(地区)不明,2140621
86,第86章 铁道及电...,111,印度,898761
86,第86章 铁道及电...,116,日本,63389253
86,第86章 铁道及电...,122,马来西亚,9980719
86,第86章 铁道及电...,133,韩国,100000
86,第86章 铁道及电...,142,中国,16954641
86,第86章 铁道及电...,143,中国台湾,13150
86,第86章 铁道及电...,249,突尼斯,200
86,第86章 铁道及电...,303,英国,4712125
86,第86章 铁道及电...,304,德国,106201362
86,第86章 铁道及电...,351,克罗地亚,5254732
86,第86章 铁道及电...,502,美国,38542461
86,第86章 铁道及电...,601,澳大利亚,1171929
86,第86章 铁道及电...,701,国家(地区)不明,30835
87,第87章 车辆及其...,110,中国香港,123260
87,第87章 车辆及其...,111,印度,69596033
87,第87章 车辆及其...,112,印度尼西亚,149578580
87,第87章 车辆及其...,113,伊朗,317030
87,第87章 车辆及其...,116,日本,6245730089
87,第87章 车辆及其...,122,马来西亚,53622274
87,第87章 车辆及其...,132,新加坡,1144353
87,第87章 车辆及其...,133,韩国,651824218
87,第87章 车辆及其...,136,泰国,428805515
87,第87章 车辆及其...,141,越南,226027059
87,第87章 车辆及其...,142,中国,94687063
87,第87章 车辆及其...,143,中国台湾,330601714
87,第87章 车辆及其...,149,乌兹别克斯坦,8243
87,第87章 车辆及其...,150,格鲁吉亚(2023年起),78221
87,第87章 车辆及其...,221,几内亚,1761
87,第87章 车辆及其...,242,塞拉利昂,2172
87,第87章 车辆及其...,243,索马里,49229
87,第87章 车辆及其...,249,突尼斯,2524786
87,第87章 车辆及其...,303,英国,4651262030
87,第87章 车辆及其...,304,德国,7794893599
87,第87章 车辆及其...,324,马耳他,141939
87,第87章 车辆及其...,344,俄罗斯,11640408
87,第87章 车辆及其...,351,克罗地亚,3798593
87,第87章 车辆及其...,358,塞尔维亚,7592460
87,第87章 车辆及其...,502,美国,4095296669
87,第87章 车辆及其...,601,澳大利亚,8128890
87,第87章 车辆及其...,701,国家(地区)不明,55383
88,第88章 航空器、...,110,中国香港,239486
88,第88章 航空器、...,111,印度,9926975
88,第88章 航空器、...,112,印度尼西亚,11193
88,第88章 航空器、...,116,日本,6821597
88,第88章 航空器、...,122,马来西亚,12105659
88,第88章 航空器、...,132,新加坡,19785552
88,第88章 航空器、...,133,韩国,41791615
88,第88章 航空器、...,136,泰国,509876
88,第88章 航空器、...,141,越南,91362
88,第88章 航空器、...,142,中国,18621792
88,第88章 航空器、...,143,中国台湾,4124709
88,第88章 航空器、...,145,哈萨克斯坦,1257232
88,第88章 航空器、...,243,索马里,8496
88,第88章 航空器、...,249,突尼斯,197188
88,第88章 航空器、...,259,马约特,3144
88,第88章 航空器、...,303,英国,182189698
88,第88章 航空器、...,304,德国,1899189719
88,第88章 航空器、...,344,俄罗斯,10537135
88,第88章 航空器、...,358,塞尔维亚,52822
88,第88章 航空器、...,502,美国,4335055072
88,第88章 航空器、...,601,澳大利亚,109106
89,第89章 船舶及浮...,116,日本,748481
89,第89章 船舶及浮...,133,韩国,1011
89,第89章 船舶及浮...,136,泰国,2546799
89,第89章 船舶及浮...,142,中国,15542513
89,第89章 船舶及浮...,303,英国,2197145
89,第89章 船舶及浮...,304,德国,1242457
89,第89章 船舶及浮...,344,俄罗斯,1007500
89,第89章 船舶及浮...,502,美国,13855836
90,第90章 光学、照...,102,巴林,1986
90,第90章 光学、照...,110,中国香港,73482254
90,第90章 光学、照...,111,印度,217809132
90,第90章 光学、照...,112,印度尼西亚,48200173
90,第90章 光学、照...,113,伊朗,852
90,第90章 光学、照...,116,日本,7595589528
90,第90章 光学、照...,119,老挝,326206
90,第90章 光学、照...,120,黎巴嫩,248918
90,第90章 光学、照...,122,马来西亚,1603076709
90,第90章 光学、照...,132,新加坡,1793961502
90,第90章 光学、照...,133,韩国,2670578351
90,第90章 光学、照...,136,泰国,787531600
90,第90章 光学、照...,141,越南,593078727
90,第90章 光学、照...,142,中国,1174149927
90,第90章 光学、照...,143,中国台湾,2711667426
90,第90章 光学、照...,145,哈萨克斯坦,878145
90,第90章 光学、照...,150,格鲁吉亚(2023年起),1034
90,第90章 光学、照...,151,亚美尼亚(2023年起),214501
90,第90章 光学、照...,231,毛里求斯,152331
90,第90章 光学、照...,242,塞拉利昂,28916
90,第90章 光学、照...,243,索马里,398
90,第90章 光学、照...,249,突尼斯,4446008
90,第90章 光学、照...,303,英国,1175346132
90,第90章 光学、照...,304,德国,7599474791
90,第90章 光学、照...,324,马耳他,4001875
90,第90章 光学、照...,344,俄罗斯,27720629
90,第90章 光学、照...,351,克罗地亚,2300682
90,第90章 光学、照...,358,塞尔维亚,3620115
90,第90章 光学、照...,440,萨尔瓦多,6748
90,第90章 光学、照...,502,美国,7617870817
90,第90章 光学、照...,601,澳大利亚,132401777
90,第90章 光学、照...,701,国家(地区)不明,472031
91,第91章 钟表及其...,110,中国香港,18715810
91,第91章 钟表及其...,111,印度,224778
91,第91章 钟表及其...,112,印度尼西亚,124361
91,第91章 钟表及其...,113,伊朗,1808
91,第91章 钟表及其...,116,日本,168942173
91,第91章 钟表及其...,122,马来西亚,12639359
91,第91章 钟表及其...,132,新加坡,2986274
91,第91章 钟表及其...,133,韩国,3263724
91,第91章 钟表及其...,136,泰国,40450177
91,第91章 钟表及其...,141,越南,3175817
91,第91章 钟表及其...,142,中国,139440112
91,第91章 钟表及其...,143,中国台湾,2243167
91,第91章 钟表及其...,231,毛里求斯,201315
91,第91章 钟表及其...,249,突尼斯,31639
91,第91章 钟表及其...,303,英国,10912167
91,第91章 钟表及其...,304,德国,27955370
91,第91章 钟表及其...,344,俄罗斯,1065
91,第91章 钟表及其...,502,美国,6888323
91,第91章 钟表及其...,701,国家(地区)不明,1281
92,第92章 乐器及其...,110,中国香港,121712
92,第92章 乐器及其...,111,印度,1561099
92,第92章 乐器及其...,112,印度尼西亚,43323774
92,第92章 乐器及其...,116,日本,85128468
92,第92章 乐器及其...,122,马来西亚,4444141
92,第92章 乐器及其...,125,尼泊尔,357789
92,第92章 乐器及其...,132,新加坡,9570
92,第92章 乐器及其...,133,韩国,9629987
92,第92章 乐器及其...,136,泰国,803952
92,第92章 乐器及其...,141,越南,259765
92,第92章 乐器及其...,142,中国,1235974
92,第92章 乐器及其...,143,中国台湾,8010446
92,第92章 乐器及其...,223,科特迪瓦,2776
92,第92章 乐器及其...,249,突尼斯,2449
92,第92章 乐器及其...,303,英国,471423
92,第92章 乐器及其...,304,德国,57915629
92,第92章 乐器及其...,344,俄罗斯,57118
92,第92章 乐器及其...,351,克罗地亚,12615
92,第92章 乐器及其...,502,美国,29550697
92,第92章 乐器及其...,601,澳大利亚,621815
93,第93章 武器、弹...,116,日本,103594
93,第93章 武器、弹...,125,尼泊尔,26176
93,第93章 武器、弹...,142,中国,17650
93,第93章 武器、弹...,143,中国台湾,3685
93,第93章 武器、弹...,304,德国,9945
93,第93章 武器、弹...,344,俄罗斯,2841
93,第93章 武器、弹...,502,美国,194193
94,第94章 家具；寝...,110,中国香港,848282
94,第94章 家具；寝...,111,印度,6687640
94,第94章 家具；寝...,112,印度尼西亚,11360798
94,第94章 家具；寝...,113,伊朗,47041
94,第94章 家具；寝...,116,日本,101924114
94,第94章 家具；寝...,119,老挝,1329890
94,第94章 家具；寝...,122,马来西亚,13366433
94,第94章 家具；寝...,125,尼泊尔,259295
94,第94章 家具；寝...,132,新加坡,3634871
94,第94章 家具；寝...,133,韩国,39704963
94,第94章 家具；寝...,135,叙利亚,619
94,第94章 家具；寝...,136,泰国,48299930
94,第94章 家具；寝...,141,越南,53879680
94,第94章 家具；寝...,142,中国,31340508
94,第94章 家具；寝...,143,中国台湾,82161829
94,第94章 家具；寝...,145,哈萨克斯坦,600
94,第94章 家具；寝...,151,亚美尼亚(2023年起),1045
94,第94章 家具；寝...,249,突尼斯,161273
94,第94章 家具；寝...,303,英国,46293567
94,第94章 家具；寝...,304,德国,191231126
94,第94章 家具；寝...,324,马耳他,1984
94,第94章 家具；寝...,344,俄罗斯,148615
94,第94章 家具；寝...,351,克罗地亚,1006518
94,第94章 家具；寝...,358,塞尔维亚,1214513
94,第94章 家具；寝...,502,美国,93442405
94,第94章 家具；寝...,601,澳大利亚,6281845
94,第94章 家具；寝...,701,国家(地区)不明,32031
95,第95章 玩具、游...,110,中国香港,693453
95,第95章 玩具、游...,111,印度,3614258
95,第95章 玩具、游...,112,印度尼西亚,41155070
95,第95章 玩具、游...,116,日本,289536076
95,第95章 玩具、游...,119,老挝,2685495
95,第95章 玩具、游...,122,马来西亚,33671448
95,第95章 玩具、游...,125,尼泊尔,167362
95,第95章 玩具、游...,132,新加坡,12279
95,第95章 玩具、游...,133,韩国,46953804
95,第95章 玩具、游...,136,泰国,67653636
95,第95章 玩具、游...,141,越南,137038257
95,第95章 玩具、游...,142,中国,436242095
95,第95章 玩具、游...,143,中国台湾,109625060
95,第95章 玩具、游...,231,毛里求斯,22223
95,第95章 玩具、游...,249,突尼斯,35211
95,第95章 玩具、游...,303,英国,8537224
95,第95章 玩具、游...,304,德国,21375421
95,第95章 玩具、游...,324,马耳他,443266
95,第95章 玩具、游...,344,俄罗斯,5790
95,第95章 玩具、游...,502,美国,36838958
95,第95章 玩具、游...,601,澳大利亚,1728543
96,第96章 杂项制品,110,中国香港,3766144
96,第96章 杂项制品,111,印度,6035188
96,第96章 杂项制品,112,印度尼西亚,19004339
96,第96章 杂项制品,116,日本,298202645
96,第96章 杂项制品,122,马来西亚,48477618
96,第96章 杂项制品,125,尼泊尔,138745
96,第96章 杂项制品,126,阿曼,1061
96,第96章 杂项制品,132,新加坡,88899
96,第96章 杂项制品,133,韩国,27686495
96,第96章 杂项制品,136,泰国,10083257
96,第96章 杂项制品,141,越南,19221953
96,第96章 杂项制品,142,中国,48633293
96,第96章 杂项制品,143,中国台湾,33611700
96,第96章 杂项制品,231,毛里求斯,1273297
96,第96章 杂项制品,249,突尼斯,79432
96,第96章 杂项制品,303,英国,6880394
96,第96章 杂项制品,304,德国,67847872
96,第96章 杂项制品,324,马耳他,103384
96,第96章 杂项制品,344,俄罗斯,230727
96,第96章 杂项制品,351,克罗地亚,463399
96,第96章 杂项制品,502,美国,28108537
96,第96章 杂项制品,601,澳大利亚,866378
96,第96章 杂项制品,701,国家(地区)不明,879
97,第97章 艺术品、...,110,中国香港,2746134
97,第97章 艺术品、...,111,印度,592
97,第97章 艺术品、...,112,印度尼西亚,100392
97,第97章 艺术品、...,113,伊朗,53896
97,第97章 艺术品、...,116,日本,29038229
97,第97章 艺术品、...,125,尼泊尔,45369
97,第97章 艺术品、...,132,新加坡,535254
97,第97章 艺术品、...,133,韩国,446751
97,第97章 艺术品、...,136,泰国,71030
97,第97章 艺术品、...,141,越南,6658
97,第97章 艺术品、...,142,中国,11500469
97,第97章 艺术品、...,143,中国台湾,40337
97,第97章 艺术品、...,151,亚美尼亚(2023年起),10655
97,第97章 艺术品、...,206,喀麦隆,710
97,第97章 艺术品、...,217,埃塞俄比亚,781
97,第97章 艺术品、...,230,毛里塔尼亚,18145
97,第97章 艺术品、...,234,纳米比亚,746
97,第97章 艺术品、...,303,英国,30565808
97,第97章 艺术品、...,304,德国,2379800
97,第97章 艺术品、...,344,俄罗斯,7674
97,第97章 艺术品、...,358,塞尔维亚,10796
97,第97章 艺术品、...,424,圭亚那,568
97,第97章 艺术品、...,502,美国,30846110
97,第97章 艺术品、...,601,澳大利亚,222916
98,第98章 特殊交易...,102,巴林,39668
98,第98章 特殊交易...,104,不丹,565
98,第98章 特殊交易...,110,中国香港,114890810
98,第98章 特殊交易...,111,印度,8519265
98,第98章 特殊交易...,112,印度尼西亚,7360182
98,第98章 特殊交易...,113,伊朗,7291
98,第98章 特殊交易...,116,日本,170970124
98,第98章 特殊交易...,119,老挝,491949241
98,第98章 特殊交易...,120,黎巴嫩,133271
98,第98章 特殊交易...,122,马来西亚,10110380
98,第98章 特殊交易...,125,尼泊尔,3960060
98,第98章 特殊交易...,126,阿曼,54888
98,第98章 特殊交易...,132,新加坡,6775941
98,第98章 特殊交易...,133,韩国,37869923
98,第98章 特殊交易...,135,叙利亚,20413
98,第98章 特殊交易...,136,泰国,18036407
98,第98章 特殊交易...,139,也门,18973
98,第98章 特殊交易...,141,越南,2836905662
98,第98章 特殊交易...,142,中国,65917417
98,第98章 特殊交易...,143,中国台湾,69582254
98,第98章 特殊交易...,145,哈萨克斯坦,51565183
98,第98章 特殊交易...,148,土库曼斯坦,715
98,第98章 特殊交易...,149,乌兹别克斯坦,4832417
98,第98章 特殊交易...,150,格鲁吉亚(2023年起),74476
98,第98章 特殊交易...,151,亚美尼亚(2023年起),64758
98,第98章 特殊交易...,152,阿塞拜疆(2023年起),10556
98,第98章 特殊交易...,199,亚洲其他国家(地区),350
98,第98章 特殊交易...,202,安哥拉,47904
98,第98章 特殊交易...,204,博茨瓦纳,2657
98,第98章 特殊交易...,205,布隆迪,13198
98,第98章 特殊交易...,206,喀麦隆,14259
98,第98章 特殊交易...,217,埃塞俄比亚,137058
98,第98章 特殊交易...,218,加蓬,525
98,第98章 特殊交易...,221,几内亚,27112
98,第98章 特殊交易...,223,科特迪瓦,24481
98,第98章 特殊交易...,225,利比里亚,9275
98,第98章 特殊交易...,230,毛里塔尼亚,57922
98,第98章 特殊交易...,231,毛里求斯,61170
98,第98章 特殊交易...,234,纳米比亚,16405
98,第98章 特殊交易...,237,留尼汪,8957
98,第98章 特殊交易...,240,塞内加尔,19178
98,第98章 特殊交易...,242,塞拉利昂,77238
98,第98章 特殊交易...,243,索马里,29299
98,第98章 特殊交易...,245,西撒哈拉,442
98,第98章 特殊交易...,249,突尼斯,448052
98,第98章 特殊交易...,260,南苏丹,2546
98,第98章 特殊交易...,303,英国,20122104
98,第98章 特殊交易...,304,德国,28226019
98,第98章 特殊交易...,324,马耳他,36291
98,第98章 特殊交易...,344,俄罗斯,144505260
98,第98章 特殊交易...,351,克罗地亚,90987
98,第98章 特殊交易...,358,塞尔维亚,174963
98,第98章 特殊交易...,399,欧洲其他国家(地区),1904
98,第98章 特殊交易...,401,安提瓜和巴布达,3249
98,第98章 特殊交易...,403,阿鲁巴,214
98,第98章 特殊交易...,414,多米尼克,1049
98,第98章 特殊交易...,417,库拉索,1616
98,第98章 特殊交易...,421,格林纳达,1138
98,第98章 特殊交易...,424,圭亚那,16177
98,第98章 特殊交易...,425,海地,9361
98,第98章 特殊交易...,428,马提尼克,391
98,第98章 特殊交易...,440,萨尔瓦多,73576
98,第98章 特殊交易...,441,苏里南,1651
98,第98章 特殊交易...,502,美国,199590737
98,第98章 特殊交易...,601,澳大利亚,50994967
98,第98章 特殊交易...,607,新喀里多尼亚,2713
98,第98章 特殊交易...,618,基里巴斯,3385
98,第98章 特殊交易...,701,国家(地区)不明,387696320
